562.45633
562.97968
562.100432
562.79122
562.22729
562.144317
562.144231
562.98021
562.56904
562.98825
562.42765
562.5692
562.57197
562.100907
562.56811
562.100231
562.100374
562.98023
562.99703
562.144211
562.144269
562.42687
562.7628
562.100445
562.42706
562.145426
562.57496
562.45604
562.42872
562.57195
562.98514
562.144217
562.100138
562.56807
562.22455
562.140897
562.50235
562.99514
562.42859
562.100233
562.98715
562.22442
562.99147
562.144197
562.50224
562.99127
562.99722
562.99451
562.100571
562.9944
562.98742
562.99902
562.7576
562.22876
562.98879
562.28846
562.100791
562.57086
562.99706
562.100308
562.9955
562.57304
562.22721
562.73368
562.28805
562.98757
562.7565
562.145399
562.57369
562.98584
562.99093
562.42761
562.144248
562.22692
562.99073
562.14427
562.100263
562.57401
562.57414
562.100831
562.30349
562.98762
562.100405
562.100855
562.99898
562.144175
562.29001
562.22515
562.88799
562.42796
562.45623
562.98583
562.764
562.45401
562.98403
562.57316
562.7678
562.144318
562.100749
562.10047
562.100284
562.22785
562.45646
562.42816
562.57151
562.144221
562.42802
562.9971
562.10033
562.144256
562.100375
562.144965
562.97981
562.22548
562.100905
562.14418
562.42721
562.57378
562.14507
562.144188
562.58776
562.42673
562.10054
562.45664
562.100784
562.99272
562.22778
562.57438
562.144331
562.50303
562.42707
562.57116
562.22445
562.50264
562.56796
562.99579
562.42739
562.99187
562.100504
562.144216
562.98839
562.57168
562.42663
562.98199
562.100074
562.98473
562.99253
562.73356
562.100025
562.42781
562.99196
562.56825
562.100925
562.100605
562.99422
562.56826
562.7567
562.57288
562.135588
562.57325
562.140875
562.4278
562.57376
562.98611
562.42786
562.57093
562.22485
562.45643
562.57413
562.58651
562.22728
562.99321
562.99632
562.99882
562.140856
562.57469
562.57379
562.22612
562.7731
562.98469
562.57107
562.99215
562.28566
562.22744
562.45655
562.56907
562.42751
562.57423
562.50298
562.98967
562.100385
562.57113
562.57303
562.140901
562.56839
562.99471
562.58735
562.140824
562.9862
562.10085
562.22584
562.1443
562.99543
562.144307
562.45848
562.57393
562.100932
562.42642
562.97969
562.57305
562.98806
562.99232
562.5744
562.58753
562.57282
562.99332
562.22815
562.57283
562.56851
562.100201
562.144184
562.57112
562.42822
562.114626
562.57373
562.2264
562.100884
562.30306
562.57417
562.100865
562.99578
562.57229
562.100154
562.99718
562.144327
562.144235
562.100256
562.98939
562.140847
562.56806
562.57087
562.144259
562.56802
562.57463
562.140892
562.98982
562.57484
562.73379
562.100061
562.144255
562.100906
562.100372
562.99348
562.57508
562.5711
562.144294
562.22465
562.28981
562.58728
562.144192
562.58641
562.98626
562.42731
562.7571
562.5677
562.144323
562.58745
562.100507
562.145392
562.98044
562.100244
562.58792
562.99084
562.100185
562.98344
562.100526
562.100417
562.135568
562.31458
562.45601
562.45629
562.100252
562.100073
562.98244
562.9935
562.97962
562.22782
562.145395
562.57454
562.5739
562.99858
562.97757
562.5743
562.100765
562.57506
562.100823
562.144924
562.9807
562.100165
562.57291
562.9992
562.135594
562.45602
562.57119
562.140865
562.99704
562.144286
562.99346
562.97978
562.58725
562.58713
562.144191
562.97769
562.100027
562.98269
562.100005
562.1409
562.99523
562.22524
562.100164
562.22694
562.98856
562.42853
562.57095
562.772
562.42645
562.99753
562.145389
562.22454
562.144209
562.100059
562.7773
562.57159
562.100358
562.22653
562.100335
562.100316
562.4274
562.58754
562.42677
562.57323
562.9937
562.99538
562.57106
562.100048
562.99
562.100247
562.56828
562.10024
562.31464
562.14428
562.99177
562.100961
562.42728
562.14433
562.776
562.56823
562.9798
562.29008
562.100347
562.98359
562.58769
562.50263
562.42713
562.5726
562.90695
562.22583
562.144153
562.28112
562.22554
562.144296
562.22872
562.9979
562.9885
562.58634
562.45636
562.22443
562.100416
562.42831
562.98169
562.140918
562.100777
562.16326
562.58764
562.9899
562.98051
562.571
562.144194
562.4269
562.57445
562.98828
562.9939
562.100916
562.14432
562.9876
562.2268
562.9976
562.58631
562.57179
562.22581
562.7746
562.45595
562.57287
562.100774
562.19186
562.57121
562.22701
562.7639
562.9901
562.100387
562.57397
562.9994
562.100592
562.503
562.57415
562.22618
562.22596
562.771
562.144181
562.99621
562.14415
562.45397
562.22691
562.42688
562.56895
562.135589
562.145372
562.98588
562.45399
562.57451
562.22682
562.97774
562.140854
562.99641
562.97756
562.45663
562.22431
562.56896
562.100145
562.57328
562.100206
562.42705
562.140919
562.56888
562.57367
562.99128
562.57196
562.98886
562.98847
562.7662
562.57312
562.98746
562.99122
562.98336
562.99066
562.22681
562.100849
562.98526
562.98351
562.144176
562.144925
562.19183
562.9948
562.97948
562.42701
562.57481
562.16325
562.99473
562.144287
562.97841
562.98795
562.100869
562.100427
562.97898
562.98896
562.100863
562.144328
562.57436
562.99513
562.99945
562.99202
562.98405
562.56767
562.144232
562.145433
562.100798
562.98378
562.22774
562.144242
562.144228
562.140835
562.57441
562.145404
562.100553
562.99474
562.22478
562.4585
562.22491
562.98519
562.45628
562.57165
562.98102
562.57487
562.99584
562.100817
562.42782
562.22652
562.56905
562.7654
562.42825
562.98537
562.98459
562.56831
562.99322
562.99375
562.42865
562.97916
562.56845
562.57176
562.99938
562.99674
562.7692
562.145391
562.22687
562.98383
562.99323
562.140906
562.57246
562.57118
562.145421
562.100502
562.98036
562.98072
562.9892
562.19823
562.22501
562.9946
562.22472
562.57144
562.22713
562.99199
562.100717
562.10056
562.22789
562.57088
562.99937
562.1454
562.98511
562.57368
562.9828
562.42754
562.42726
562.22519
562.99183
562.57238
562.140907
562.22656
562.22766
562.57504
562.28998
562.7733
562.58643
562.98811
562.100822
562.31449
562.100018
562.57447
562.57099
562.58751
562.100667
562.100923
562.2265
562.57212
562.73397
562.42839
562.99399
562.57458
562.144279
562.2275
562.58626
562.145423
562.97904
562.140833
562.100071
562.50239
562.50238
562.56857
562.98419
562.100829
562.99661
562.73376
562.7581
562.145407
562.9998
562.42665
562.97852
562.144322
562.99743
562.140898
562.99936
562.100209
562.144214
562.98561
562.57117
562.100121
562.42863
562.42692
562.13556
562.10096
562.100837
562.97815
562.100022
562.57408
562.42697
562.56827
562.112424
562.100478
562.7784
562.42685
562.99345
562.45631
562.100429
562.99267
562.58749
562.99862
562.22667
562.144334
562.22516
562.57249
562.58729
562.30434
562.144298
562.22711
562.99117
562.99219
562.23791
562.144276
562.22793
562.99126
562.98813
562.57124
562.100055
562.50261
562.98278
562.144264
562.99423
562.100019
562.144189
562.100254
562.100222
562.100853
562.100741
562.57169
562.100488
562.99189
562.100082
562.144163
562.99158
562.100032
562.42862
562.140851
562.7641
562.992
562.58759
562.140893
562.99353
562.22761
562.99058
562.98851
562.57108
562.57203
562.7767
562.14422
562.58732
562.50288
562.22481
562.991
562.57371
562.100474
562.99271
562.99599
562.9811
562.2884
562.42634
562.28999
562.50237
562.100449
562.100207
562.42748
562.56782
562.100143
562.98132
562.99389
562.97945
562.100816
562.98995
562.45394
562.22586
562.45621
562.9972
562.144183
562.99875
562.10072
562.99605
562.7638
562.57416
562.9886
562.144929
562.42838
562.56764
562.56889
562.56894
562.144927
562.99646
562.144241
562.42804
562.98521
562.97999
562.73359
562.145427
562.100122
562.100014
562.42826
562.100268
562.58752
562.99935
562.7649
562.144208
562.45654
562.22582
562.10057
562.100381
562.60286
562.100751
562.22747
562.7674
562.7776
562.100129
562.2379
562.34086
562.98565
562.97979
562.145424
562.99684
562.56815
562.144312
562.99008
562.22537
562.58628
562.42716
562.97984
562.98407
562.57306
562.50286
562.98766
562.97808
562.42809
562.97874
562.140882
562.19191
562.42649
562.99216
562.100544
562.97983
562.99856
562.56898
562.97918
562.100409
562.57254
562.22786
562.56874
562.58721
562.56844
562.98041
562.22672
562.100686
562.144325
562.97929
562.22488
562.100458
562.144321
562.7337
562.56784
562.50272
562.9854
562.98141
562.28131
562.99231
562.7666
562.58724
562.144185
562.99359
562.22807
562.99485
562.22518
562.22651
562.57475
562.140909
562.57224
562.145396
562.56882
562.144305
562.19185
562.42769
562.57089
562.144302
562.58755
562.42652
562.100135
562.100781
562.99449
562.22715
562.144225
562.56871
562.144313
562.22819
562.7714
562.100899
562.45666
562.57331
562.57321
562.57396
562.98867
562.57485
562.99378
562.97952
562.56916
562.22474
562.22569
562.50297
562.144261
562.99235
562.145403
562.50251
562.99479
562.57082
562.988
562.57456
562.144207
562.58731
562.22607
562.57269
562.2263
562.99726
562.145409
562.22496
562.144249
562.98112
562.1918
562.22579
562.140881
562.56865
562.100947
562.22559
562.97996
562.98872
562.85838
562.22564
562.7573
562.17722
562.99006
562.140887
562.22657
562.7769
562.42639
562.100163
562.9891
562.99021
562.135581
562.135565
562.56768
562.99931
562.100935
562.10089
562.56775
562.98774
562.135583
562.99492
562.99487
562.7657
562.42821
562.100928
562.19177
562.98823
562.42693
562.98667
562.144243
562.57253
562.12959
562.100147
562.99759
562.22873
562.9958
562.7794
562.100632
562.100588
562.144169
562.50254
562.42783
562.99542
562.9951
562.144301
562.100707
562.57302
562.98986
562.9963
562.140857
562.9837
562.7696
562.7694
562.22812
562.100327
562.144265
562.22811
562.22626
562.100116
562.98446
562.144273
562.42709
562.145429
562.454
562.97805
562.57189
562.4563
562.30305
562.22825
562.9791
562.5741
562.100352
562.98147
562.56886
562.2282
562.99342
562.98598
562.58742
562.22684
562.45589
562.42778
562.7617
562.57084
562.42664
562.99124
562.998
562.28811
562.99105
562.777
562.135571
562.56842
562.99701
562.5751
562.14085
562.22735
562.58774
562.100719
562.56922
562.57236
562.4566
562.56902
562.100755
562.42755
562.42723
562.982
562.56765
562.98104
562.45609
562.99383
562.100677
562.99001
562.100615
562.98732
562.19178
562.42671
562.42694
562.99507
562.98889
562.56859
562.98047
562.50256
562.16466
562.100695
562.98457
562.99673
562.57214
562.140964
562.100155
562.98399
562.100038
562.145378
562.57235
562.109861
562.7637
562.100153
562.14492
562.42773
562.50271
562.42823
562.22806
562.428
562.5873
562.73381
562.45626
562.56885
562.99633
562.227
562.140885
562.97985
562.42738
562.56797
562.98437
562.100805
562.98216
562.99619
562.56854
562.22538
562.57104
562.22437
562.98367
562.58719
562.56773
562.56812
562.99887
562.100031
562.99979
562.145393
562.57105
562.99038
562.97936
562.56799
562.1762
562.98717
562.569
562.22544
562.42789
562.42833
562.57432
562.58736
562.99032
562.99846
562.57465
562.99631
562.99637
562.99998
562.45656
562.100684
562.145385
562.144293
562.19633
562.57146
562.99169
562.99095
562.111033
562.57495
562.100283
562.99048
562.98744
562.4267
562.98549
562.56787
562.42676
562.99146
562.7792
562.99872
562.98787
562.99833
562.140862
562.98285
562.9838
562.98154
562.98181
562.45845
562.28839
562.99132
562.99171
562.42855
562.99472
562.50225
562.108812
562.58733
562.30304
562.57476
562.144278
562.22783
562.7673
562.99692
562.97914
562.57493
562.57252
562.100175
562.5737
562.42787
562.56921
562.100354
562.50246
562.50248
562.22727
562.98109
562.100523
562.9956
562.98143
562.42805
562.98379
562.100743
562.99138
562.57258
562.99813
562.7775
562.56881
562.58761
562.98161
562.144268
562.99861
562.22751
562.99854
562.22741
562.42817
562.100483
562.22784
562.56914
562.98302
562.45658
562.58777
562.22722
562.98861
562.144923
562.57255
562.22552
562.1909
562.9942
562.5871
562.50236
562.14429
562.99201
562.57404
562.45613
562.22593
562.140846
562.42824
562.73349
562.140911
562.99552
562.7667
562.22718
562.57467
562.99892
562.144213
562.45585
562.135593
562.97753
562.57503
562.98868
562.22462
562.100162
562.100334
562.22643
562.98016
562.97859
562.100234
562.99091
562.57183
562.45403
562.5024
562.98566
562.144168
562.9793
562.57215
562.100236
562.100002
562.22772
562.42811
562.56872
562.10077
562.58785
562.135592
562.57301
562.100103
562.99192
562.98397
562.99468
562.57148
562.1919
562.56771
562.45667
562.58722
562.9978
562.7669
562.98289
562.99572
562.98152
562.99188
562.100058
562.144277
562.58712
562.98893
562.98988
562.1
562.42689
562.99929
562.100533
562.98711
562.56824
562.97787
562.145425
562.56813
562.57478
562.42653
562.57448
562.57192
562.7642
562.98291
562.14542
562.140891
562.57494
562.22619
562.10036
562.57225
562.100647
562.56809
562.98165
562.56869
562.56817
562.22632
562.57326
562.97988
562.129397
562.572
562.100662
562.57499
562.7566
562.99004
562.144283
562.5683
562.22547
562.5738
562.56762
562.22551
562.98267
562.99834
562.22759
562.99955
562.100694
562.97781
562.111035
562.57191
562.144267
562.7739
562.100178
562.100008
562.98008
562.42829
562.99801
562.45593
562.14084
562.7625
562.140825
562.57257
562.42843
562.5688
562.100085
562.100954
562.57216
562.22676
562.978
562.7653
562.144251
562.10066
562.100759
562.98241
562.99638
562.42749
562.5027
562.56917
562.100861
562.98679
562.99214
562.7665
562.144162
562.100723
562.100089
562.100549
562.45657
562.22512
562.144152
562.98733
562.140873
562.57281
562.7752
562.5878
562.14423
562.144229
562.99014
562.37106
562.100756
562.100088
562.42774
562.98796
562.57307
562.42746
562.7745
562.7569
562.98254
562.42691
562.98346
562.99681
562.100639
562.100205
562.42636
562.57096
562.50223
562.99597
562.100946
562.100678
562.28567
562.57292
562.100117
562.100786
562.1003
562.99354
562.98219
562.100249
562.100444
562.22611
562.56786
562.100341
562.57296
562.99977
562.73365
562.42785
562.57386
562.7572
562.99197
562.10055
562.98463
562.99589
562.100618
562.73374
562.99911
562.100144
562.22696
562.10042
562.99036
562.98953
562.98792
562.100603
562.58706
562.98805
562.50266
562.983
562.100044
562.5691
562.9957
562.140883
562.7634
562.14089
562.98634
562.100317
562.99912
562.100956
562.42737
562.100704
562.42791
562.57434
562.100384
562.10044
562.100918
562.100513
562.42775
562.22543
562.42857
562.100866
562.57427
562.144297
562.56848
562.9952
562.98625
562.22503
562.42871
562.56789
562.144244
562.144936
562.4264
562.57122
562.140842
562.98763
562.99786
562.42852
562.99721
562.22527
562.19631
562.50249
562.98606
562.14087
562.100788
562.57092
562.99397
562.114631
562.4281
562.99362
562.58717
562.144326
562.98222
562.57374
562.42799
562.98694
562.100614
562.57318
562.42722
562.9797
562.100601
562.98644
562.2277
562.90694
562.22647
562.7661
562.99583
562.19182
562.58711
562.57385
562.42808
562.45645
562.57382
562.135563
562.42797
562.57412
562.100836
562.7695
562.9989
562.42864
562.99388
562.7632
562.99475
562.99203
562.2246
562.98853
562.98212
562.144198
562.42711
562.56781
562.34088
562.100388
562.100217
562.144247
562.7753
562.7575
562.50268
562.100079
562.98841
562.144193
562.56836
562.98729
562.56866
562.98616
562.99686
562.99622
562.57422
562.98249
562.56788
562.29139
562.98703
562.100641
562.144201
562.100043
562.100517
562.42803
562.10067
562.100898
562.45846
562.57251
562.57428
562.57505
562.22561
562.98678
562.100763
562.4564
562.10016
562.144158
562.98727
562.100838
562.100867
562.56863
562.97911
562.57284
562.99764
562.22469
562.99364
562.42772
562.144917
562.22821
562.145818
562.56906
562.56855
562.57442
562.144306
562.98332
562.99582
562.5718
562.58644
562.57315
562.56785
562.57264
562.98092
562.53932
562.99377
562.98286
562.57152
562.5722
562.98875
562.22791
562.98894
562.99314
1045010.63
562.145016
562.98607
562.9873
562.100457
562.100696
562.97794
562.7754
562.98933
562.98776
562.98599
562.99062
562.100631
562.100152
562.99145
562.99901
562.98095
562.100529
562.98452
562.99709
562.97889
562.145071
562.14496
562.7761
562.99298
562.100903
562.98814
562.45608
562.100075
562.99077
562.22823
562.9928
562.98844
562.98653
562.99989
562.98695
562.22628
562.99478
562.99104
562.98191
562.9947
562.100307
562.99698
562.22705
562.99407
562.99848
562.144954
562.100049
562.99373
562.98361
562.10026
562.100471
562.99741
562.22674
562.99482
562.98455
562.98827
562.22878
562.145044
562.99434
562.73352
562.100508
562.99028
562.100094
562.100267
562.99616
562.10043
562.100407
562.99654
562.57319
562.99368
562.9818
562.98508
562.98895
562.99204
562.100343
562.98097
562.9969
562.144993
562.100004
562.100496
562.98761
562.7736
562.98323
562.1005
562.98251
562.145058
562.97817
562.98203
562.98538
562.100046
562.100619
562.98424
562.98411
562.99415
562.98677
562.100419
562.99454
562.99611
562.144967
562.100672
562.99156
562.14508
562.100413
562.99436
562.97913
562.99448
562.100465
562.98029
562.979
562.99226
562.99252
562.99497
562.98402
562.9817
562.98462
562.98478
562.99044
562.100097
562.98193
562.98789
562.98093
562.9966
562.97768
562.99294
562.145067
562.145062
562.98468
562.100033
562.98798
562.97763
562.99988
562.22799
562.22627
562.97923
562.97831
562.100536
562.98572
562.144949
562.99176
562.100522
562.99547
562.97932
562.9872
562.22514
562.100251
562.100057
562.99335
562.100198
562.98225
562.99556
562.100304
562.97836
562.145039
562.99536
562.100515
562.98329
562.98201
562.99274
562.99431
562.99712
562.99082
562.99658
562.97966
562.100365
562.98764
562.99509
562.99517
562.57147
562.100174
562.99952
562.99604
562.99624
562.22666
562.98689
562.97849
562.145052
562.100931
562.144999
562.98767
562.144972
562.98259
562.99889
562.22803
562.98621
562.98194
562.14499
562.100328
562.98074
562.9925
562.57136
562.98096
562.99933
562.45637
562.144974
562.99903
562.145081
562.98794
562.100124
562.100637
562.98777
562.99103
562.7687
562.98386
562.98721
562.37111
562.42837
562.97754
562.10069
562.98366
562.98339
562.10071
562.98479
562.99932
562.99211
562.22492
562.98172
562.99563
562.9985
562.7636
562.144991
562.99941
562.98916
562.98195
562.100595
562.98646
562.9924
562.99034
562.10009
562.98127
562.98543
562.97838
562.99732
562.2272
562.7718
562.100663
562.98409
562.145001
562.9919
562.57123
562.99733
562.99275
562.5715
562.22709
562.98693
562.99337
562.100856
562.100276
562.99489
562.9861
562.97894
562.100367
562.99526
562.100188
562.98053
562.97922
562.100258
562.100149
562.100086
562.99957
562.22589
562.100302
562.100552
562.98824
562.99277
562.7619
562.99761
562.100314
562.57115
562.99089
562.100893
562.100248
562.98852
562.99057
562.98929
562.98274
562.9991
562.45669
562.97899
562.99561
562.9834
562.145075
562.98196
562.145061
562.98335
562.10011
562.100363
562.7765
562.100897
562.98636
562.99863
562.99535
562.100454
562.99923
562.97776
562.7774
562.99361
562.98471
562.98164
562.9796
562.22631
562.100393
562.22641
562.100581
562.10063
562.100685
562.58781
562.9953
562.98997
562.73393
562.99653
562.97991
562.100398
562.98328
562.22679
562.7685
562.100776
562.9894
562.98749
562.100901
562.9775
562.99293
562.99334
562.98593
562.57161
562.9988
562.97883
562.99603
562.98108
562.100821
562.9869
562.100191
562.98821
562.97865
562.99645
562.98433
562.100709
562.100699
562.10091
562.145036
562.98458
562.99295
562.98552
562.144956
562.99819
562.99411
562.100519
562.97943
562.98467
562.97956
562.97871
562.100072
562.2273
562.99046
562.100626
562.100832
562.100645
562.144976
562.99181
562.9819
562.98797
562.98759
562.100227
562.100848
562.2274
562.100099
562.100597
562.100125
562.100792
562.145049
562.97881
562.98444
562.97758
562.99969
562.9933
562.97875
562.99975
562.144944
562.97814
562.98637
562.98429
562.98356
562.99035
562.99365
562.99991
562.99757
562.98925
562.99261
562.100309
562.100516
562.98913
562.98081
562.98498
562.99845
562.100611
562.97878
562.98144
562.98256
562.99175
562.98687
562.98434
562.99115
562.7622
562.99808
562.99351
562.98284
562.10008
562.58783
562.100176
562.98382
562.7683
562.100112
562.99469
562.100274
562.97778
562.99305
562.1006
562.144952
562.100957
562.98322
562.100026
562.58646
562.98553
562.99486
562.99311
562.99331
562.99879
562.7635
562.99135
562.98388
562.98906
562.99205
562.99291
562.100674
562.144961
562.98155
562.28389
562.144995
562.98502
562.99528
562.98702
562.99302
562.145012
562.99585
562.97843
562.97809
562.99086
562.100225
562.99586
562.31459
562.100586
562.100512
562.98248
562.98577
562.98046
562.22578
562.112425
562.98208
562.99628
562.97868
562.98873
562.99094
562.9968
562.9852
562.144992
562.99079
562.99821
562.97829
562.22732
562.99581
562.22798
562.7658
562.57134
562.97845
562.9784
562.98645
562.9917
562.98531
562.98883
562.99576
562.98192
562.144222
562.98836
562.100203
562.99227
562.7672
562.99967
562.99498
562.100908
562.97772
562.100448
562.100636
562.98586
562.100761
562.99043
562.99179
562.22558
562.100575
562.99869
562.97977
562.99465
562.57158
562.98691
562.99439
562.22458
562.9993
562.100716
562.98211
562.100722
562.97963
562.98785
562.98932
562.98294
562.7783
562.99376
562.100041
562.99832
562.97798
562.9904
562.98685
562.7758
562.45603
562.98101
562.9923
562.145069
562.97749
562.98546
562.99069
562.22779
562.22625
562.98809
562.100297
562.99251
562.98783
562.57141
562.98917
562.99769
562.100732
562.145019
562.99067
562.100187
562.99827
562.98472
562.99243
562.98062
562.98189
562.99613
562.98587
562.97921
562.73358
562.98564
562.100556
562.99557
562.22609
562.22568
562.97752
562.98275
562.98243
562.22602
562.98198
562.57223
562.45398
562.100376
562.97992
562.98617
562.99112
562.99588
562.99591
562.98408
562.14538
562.98935
562.98688
562.98022
562.98696
562.22601
562.99855
562.98791
562.99005
562.144994
562.99525
562.97858
562.99815
562.100673
562.98435
562.99553
562.9843
562.99984
562.9878
562.99349
562.99768
562.145053
562.22776
562.99544
562.99908
562.97957
562.100017
562.98464
562.99669
562.98891
562.98771
562.100224
562.98601
562.99919
562.100939
562.99809
562.99807
562.99225
562.99639
562.98175
562.9806
562.100649
562.7786
562.98038
562.98495
562.100598
562.99453
562.145004
562.22484
562.99843
562.99286
562.145057
562.98215
562.145073
562.145819
562.100056
562.99986
562.145064
562.100487
562.22497
562.22444
562.99213
562.100538
562.145014
562.144987
562.99125
562.99782
562.98949
562.981
562.99851
562.9812
562.100881
562.10032
562.100051
562.98394
562.144971
562.99647
562.22637
562.99942
562.144998
562.98182
562.99907
562.22439
562.99496
562.99835
562.145025
562.98125
562.99312
562.144962
562.7335
562.98076
562.145076
562.57186
562.98558
562.98991
562.98681
562.98111
562.99228
562.99652
562.99003
562.99382
562.99805
562.100705
562.98908
562.99694
562.98512
562.99256
562.100399
562.98271
562.99429
562.100091
562.2271
562.98985
562.98615
562.98557
562.9902
562.989
562.99818
562.99488
562.9858
562.7742
562.98089
562.98594
562.99778
562.100246
562.98968
562.100579
562.100095
562.98439
562.98623
562.100093
562.99221
562.98296
562.10007
562.97807
562.98863
562.100772
562.144983
562.98015
562.99696
562.9813
562.98373
562.100092
562.22762
562.98898
562.100514
562.98391
562.99518
562.100255
562.98422
562.98204
562.100383
562.100733
562.765
562.9836
562.97886
562.100627
562.98084
562.98635
562.99393
562.99206
562.99688
562.22507
562.99792
562.98534
562.98082
562.98432
562.100411
562.22623
562.145055
562.145047
562.100096
562.99421
562.22809
562.100797
562.100257
562.73383
562.98786
562.10095
562.98659
562.98007
562.100131
562.98683
562.98532
562.98257
562.99148
562.98338
562.100423
562.98094
562.98126
562.100395
562.22506
562.98068
562.100633
562.98358
562.10015
562.98157
562.100195
562.9977
562.98477
562.45672
562.99022
562.22556
562.97954
562.98788
562.100293
562.99137
562.99083
562.98672
562.99667
562.22801
562.98487
562.99371
562.7722
562.99456
562.100221
562.100687
562.97832
562.100126
562.100345
562.98753
562.97997
562.98056
562.99384
562.99823
562.99615
562.98663
562.99392
562.98176
562.22598
562.100511
562.98981
562.100216
562.22498
562.100594
562.99817
562.97947
562.145029
562.99612
562.99317
562.22523
562.5732
562.100528
562.98619
562.145816
562.100403
562.100702
562.22585
562.98818
562.7702
562.97905
562.98723
562.100826
562.99878
562.73355
562.98301
562.22617
562.100944
562.99838
562.100706
562.144989
562.97864
562.22615
562.10039
562.99943
562.99404
562.22773
562.2267
562.73346
562.100782
562.98536
562.98562
562.98555
562.100036
562.100659
562.10061
562.98129
562.145033
562.98263
562.98426
562.98006
562.98998
562.100333
562.99284
562.99292
562.100262
562.100617
562.98133
562.73354
562.99016
562.99744
562.98993
562.99745
562.100708
562.100862
562.9827
562.100736
562.226
562.99876
562.100551
562.45652
562.98657
562.97912
562.98347
562.99051
562.100171
562.22494
562.99002
562.14497
562.100146
562.99734
562.7719
562.99857
562.10004
562.98139
562.145817
562.97759
562.7338
562.57221
562.144947
562.99626
562.97896
562.144988
562.99013
562.98866
562.22542
562.98503
562.98253
562.100582
562.99966
562.99056
562.98214
562.97928
562.45641
562.97973
562.10052
562.98722
562.73367
562.99739
562.98563
562.100298
562.100101
562.99304
562.22482
562.9866
562.99963
562.99934
562.9831
562.22483
562.100473
562.99649
562.9864
562.57242
562.100168
562.98984
562.97819
562.98123
562.99165
562.100211
562.99885
562.98476
562.97842
562.7623
562.100589
562.100102
562.98423
562.99458
562.22699
562.99961
562.22573
562.99502
562.98474
562.99665
562.97958
562.9887
562.100202
562.98578
562.98734
562.98864
562.145063
562.145442
562.98306
562.100204
562.9857
562.28841
562.97773
562.98268
562.100404
562.57308
562.7693
562.98465
562.98551
562.100787
562.22473
562.99195
562.98033
562.145074
562.98153
562.98276
562.144963
562.100927
562.99101
562.99837
562.99774
562.145042
562.9855
562.100318
562.145008
562.7646
562.98298
562.42845
562.7629
562.99529
562.99477
562.7766
562.7713
562.99244
562.100481
562.98107
562.98812
562.100718
562.100801
562.99241
562.10046
562.99168
562.97804
562.98651
562.986
562.9964
562.73357
562.97862
562.99905
562.10021
562.98865
562.99773
562.100461
562.97967
562.99412
562.57157
562.99019
562.99909
562.99566
562.145059
562.100942
562.98355
562.100463
562.10076
562.57098
562.22736
562.144982
562.100585
562.99797
562.9868
562.98568
562.99516
562.100016
562.100799
562.98669
562.98905
562.100845
562.100156
562.9803
562.98121
562.98052
562.37109
562.99717
562.73396
562.100439
562.10027
562.97892
562.9943
562.9815
562.9918
562.100106
562.99532
562.22477
562.22877
562.100807
562.100949
562.14495
562.9908
562.97761
562.99629
562.100915
562.100651
562.98605
562.98779
562.99569
562.99917
562.98608
562.97934
562.144968
562.7682
562.100228
562.100287
562.99442
562.99455
562.98585
562.97888
562.100616
562.99564
562.57164
562.98261
562.98784
562.2257
562.97844
562.22608
562.99445
562.98989
562.22606
562.9888
562.97795
562.57329
562.145434
562.100873
562.99811
562.22629
562.100904
562.98342
562.22511
562.98874
562.99883
562.99888
562.97974
562.98309
562.99555
562.145056
562.98443
562.10002
562.100913
562.10012
562.100499
562.97885
562.73347
562.100735
562.97786
562.100607
562.98974
562.98059
562.98627
562.98946
562.98368
562.99972
562.42844
562.22468
562.98213
562.100467
562.98138
562.99041
562.100584
562.57156
562.98184
562.9821
562.100785
562.97939
562.99141
562.9999
562.98517
562.22493
562.99072
562.98658
562.100682
562.100181
562.98073
562.52722
562.99802
562.99414
562.99266
562.98724
562.97951
562.99635
562.97897
562.9893
562.99799
562.22449
562.98314
562.97822
562.145018
562.100053
562.144966
562.100229
562.14544
562.98315
562.98075
562.10078
562.97796
562.99738
562.97791
562.22645
562.99748
562.145812
562.98146
562.98067
562.98859
562.100758
562.99278
562.99446
562.98596
562.98389
562.100238
562.97784
562.98151
562.97902
562.98987
562.98421
562.97853
562.100076
562.2253
562.98116
562.57211
562.22624
562.98869
562.98293
562.98
562.99045
562.9926
562.97925
562.22763
562.99685
562.99867
562.100184
562.100739
562.99713
562.22603
562.22622
562.762
562.9938
562.100113
562.98171
562.99121
562.98768
562.100654
562.145046
562.100691
562.100148
562.99114
562.98341
562.22726
562.99224
562.9975
562.22563
562.98964
562.98887
562.14503
562.98725
562.97877
562.98364
562.9913
562.99481
562.98207
562.98031
562.9795
562.100634
562.22796
562.99396
562.98375
562.99281
562.100877
562.45598
562.22486
562.99568
562.9874
562.100811
562.98533
562.22753
562.145443
562.99789
562.97941
562.99443
562.10094
562.98418
562.9782
562.45627
562.100622
562.97766
562.10006
562.22599
562.98265
562.98505
562.98461
562.98345
562.98384
562.7677
562.98393
562.145027
562.22574
562.98224
562.98173
562.97944
562.100288
562.7708
562.7785
562.993
562.100441
562.99289
562.99381
562.100902
562.9816
562.98945
562.22636
562.100958
562.100806
562.98846
562.99992
562.9786
562.97788
562.145054
562.145037
562.144985
562.1002
562.97861
562.22489
562.100351
562.99609
562.99719
562.22817
562.97762
562.99915
562.10001
562.98977
562.99697
562.98769
562.98272
562.97847
562.99223
562.98754
562.57243
562.98442
562.144977
562.7627
562.98937
562.99924
562.99666
562.99425
562.98804
562.1004
562.98756
562.99607
562.100378
562.97816
562.99309
562.10018
562.145048
562.100883
562.97887
562.99236
562.100338
562.98882
562.22704
562.144959
562.98148
562.98718
562.97924
562.9853
562.98994
562.99675
562.45622
562.99061
562.98288
562.98858
562.97987
562.10087
562.98559
562.98032
562.145441
562.97906
562.10081
562.9934
562.7749
562.145003
562.100319
562.100737
562.99416
562.99539
562.98043
562.100066
562.98775
562.99106
562.98548
562.99723
562.1007
562.100542
562.98369
562.98527
562.98675
562.100525
562.100108
562.10025
562.98965
562.7779
562.100373
562.144945
562.100572
562.145013
562.99785
562.145077
562.57101
562.99088
562.100803
562.99408
562.100223
562.98639
562.97949
562.100813
562.100858
562.100355
562.22452
562.98312
562.99109
562.9895
562.98529
562.22824
562.98077
562.9867
562.98956
562.98589
562.99315
562.22795
562.100725
562.98778
562.98942
562.99185
562.97855
562.100394
562.100083
562.98482
562.98884
562.145041
562.58782
562.9903
562.98134
562.57132
562.99191
562.97869
562.145066
562.98976
562.99285
562.97803
562.9832
562.97909
562.99418
562.98506
562.97942
562.9898
562.98624
562.10037
562.100754
562.144957
562.98928
562.99074
562.98035
562.145026
562.99643
562.14505
562.100277
562.98647
562.98686
562.7618
562.98535
562.114633
562.100909
562.99234
562.99575
562.99551
562.9882
562.98142
562.99868
562.99246
562.98319
562.97857
562.99873
562.100466
562.98901
562.5719
562.99039
562.100835
562.99212
562.7781
562.9954
562.100127
562.98258
562.98058
562.100629
562.99419
562.57314
562.22804
562.22459
562.100738
562.98924
562.99772
562.99358
562.7706
562.98996
562.9982
562.100342
562.100564
562.22663
562.100561
562.100415
562.98643
562.22814
562.100846
562.99587
562.99329
562.98958
562.99107
562.99424
562.100021
562.22731
562.100426
562.99198
562.97917
562.10014
562.100493
562.100212
562.100844
562.98522
562.97779
562.98395
562.99679
562.100534
562.100885