562.57418
562.144329
562.98805
562.96992
562.96689
562.96491
562.23874
562.144314
562.42832
562.144267
562.57382
562.57268
562.99633
562.9914
562.144284
562.96442
562.96552
562.29007
562.57467
562.99463
562.57472
562.97166
562.57434
562.57264
562.96445
562.57274
562.57496
562.97004
562.100335
562.23911
562.57271
562.96933
562.57461
562.23615
562.96425
562.97462
562.57437
562.144281
562.100023
562.144296
562.98165
562.98817
562.56883
562.96862
1438685.3
562.56785
562.57441
562.22432
562.99839
562.144251
562.42854
562.97032
562.56911
562.99422
562.57452
562.97296
562.14422
562.144152
562.96522
562.96943
562.144249
562.57422
562.144306
562.57412
562.57409
562.5712
562.99274
562.22535
562.100549
562.9934
562.97301
562.96889
562.144225
562.5689
562.91162
562.4276
562.57431
562.22696
562.56791
562.10013
562.96878
562.42866
562.96441
562.9726
562.144182
562.96519
562.57428
562.97235
562.58734
562.96882
562.144212
562.96938
562.57477
562.97229
562.96423
562.56871
562.58714
562.56786
562.23451
562.96847
562.57436
562.96709
562.57423
562.13502
562.96853
562.57374
562.57287
562.57501
562.5873
562.99729
562.56902
562.23226
562.34088
562.56855
562.144276
562.144156
562.144331
562.23413
562.23909
562.57427
562.144203
562.5676
562.99834
562.56806
562.73387
562.96755
562.42857
562.998
562.22764
562.57448
562.5739
562.5741
562.57439
562.9702
562.5708
562.23737
562.5713
562.100375
562.96852
562.56872
562.96687
562.1296
562.144317
562.97072
562.57499
562.57426
562.12962
562.100218
562.22787
562.4282
562.73373
562.100427
562.97266
562.5685
562.99958
562.144327
562.99985
562.97164
562.96673
562.144187
562.96683
562.56895
562.57394
562.144264
562.56839
562.144218
562.30349
562.22488
562.22588
562.56817
562.42849
562.23914
562.56881
562.73386
562.57275
562.96419
562.57366
562.97223
562.97247
562.57384
562.99122
562.57084
562.28567
562.57291
562.22543
562.96706
562.96494
562.144204
562.96925
562.99469
562.42859
562.96518
562.57399
562.100059
562.144224
562.144186
562.9652
562.144213
562.99632
562.97302
562.42869
562.19823
562.96657
562.96997
562.56841
562.96429
562.57367
562.22754
562.56814
562.96692
562.42853
562.42675
562.97286
562.144289
562.57411
562.57296
562.100192
562.57276
562.57184
562.56805
562.144178
562.144299
562.14419
562.58739
562.96935
562.144335
562.96713
562.97288
562.57449
562.57396
562.5727
562.23273
562.57462
562.96897
562.42873
562.5679
562.96712
562.144241
562.57187
562.144298
562.144164
562.99451
562.57421
562.96662
562.23046
562.58767
562.57466
562.56831
562.96433
562.56893
562.42868
562.23295
562.99754
562.100475
562.56773
562.96872
562.57091
562.96951
562.5748
562.5684
562.23508
562.97287
562.97074
562.96459
562.144188
562.42831
562.97236
562.144185
562.144163
562.56822
562.56875
562.23899
562.144184
562.17722
562.144248
562.96987
562.144221
562.144216
562.96561
562.58736
562.23047
562.96707
562.114625
562.144255
562.57262
562.97226
562.96855
562.97219
562.97228
562.96658
562.73377
562.56886
562.22717
562.97103
562.56781
562.42861
562.144226
562.100601
562.56783
562.144303
562.144232
562.96432
562.34085
562.22768
562.99597
562.28434
562.9668
562.98483
562.96944
562.57497
562.57479
562.97105
562.100632
562.97109
562.144323
562.56807
562.57129
562.144214
562.57389
562.57459
562.57201
562.144176
562.98344
562.96994
562.144245
562.23172
562.23284
562.56868
562.14432
562.100861
562.96492
562.144309
562.100671
562.97238
562.57286
562.56865
562.96769
562.56877
562.57483
562.57088
562.57375
562.73382
562.99464
562.144153
562.56851
562.57447
562.57255
562.57376
562.99499
562.100468
562.22547
562.45845
562.144208
562.97463
562.29139
562.144253
562.100554
562.96446
562.96996
562.99605
562.7339
562.96958
562.98892
562.56898
562.98561
562.56816
562.57169
562.100703
562.57294
562.144236
562.96905
562.99946
562.57261
562.9697
562.97023
562.96995
562.144227
562.57407
562.57506
562.99931
562.23574
562.96899
562.5728
562.5871
562.57298
562.98618
562.56804
562.96682
562.56858
562.96932
562.57395
562.97461
562.144169
562.96754
562.56771
562.96949
562.57183
562.57094
562.9722
562.9724
562.99558
562.14425
562.23507
562.57323
562.144254
562.58724
562.42673
562.144272
562.57131
562.9725
562.99433
562.144275
562.100526
562.56905
562.5677
562.97259
562.73381
562.9746
562.57322
562.100886
562.73379
562.22984
562.22811
562.56922
562.56772
562.99126
562.42833
562.97295
562.57086
562.57468
562.57289
562.57445
562.144332
562.34086
562.57077
562.42872
562.96696
562.23821
562.57178
562.58719
562.57085
562.23743
562.57454
562.100347
562.97303
562.144295
562.97174
562.23294
562.56884
562.56779
562.98267
562.56764
562.57079
562.96701
562.975
562.96764
562.9717
562.96934
562.57273
562.96884
562.23131
562.99701
562.56864
562.23792
562.144273
562.97021
562.5742
562.57197
562.144181
562.9707
562.96454
562.96487
562.99254
562.56769
562.23727
562.96457
562.97114
562.96783
562.57293
562.97285
562.96941
562.144291
562.22536
562.56835
562.42841
562.57265
562.57456
562.96792
562.58737
562.96885
562.56848
562.98978
562.56829
562.56815
562.97457
562.57417
562.96875
562.96424
562.57076
562.97306
562.5737
562.57369
562.57381
562.97309
562.144201
562.100305
562.23395
562.96768
562.23566
562.56903
562.1762
562.56906
562.97227
562.99378
562.23365
562.96993
562.56802
562.144297
562.97431
562.57166
562.73376
562.96939
562.99084
562.57433
562.97177
562.96965
562.23396
562.97221
562.96907
562.100775
562.23505
562.23454
562.56793
562.56801
562.97022
562.9711
562.97254
562.23769
562.56921
562.56827
562.56788
562.97469
562.144326
562.57266
562.58775
562.99913
562.144262
562.97304
1328434.3
562.23311
562.96788
562.56778
562.97239
562.97245
562.227
562.144154
562.99321
562.2333
562.9747
562.73378
562.144328
562.144302
562.12959
562.56843
562.99724
562.22479
562.96666
562.97169
562.100665
562.57383
562.97258
562.56889
562.96945
562.144293
562.57405
562.4283
562.57393
562.96708
562.56797
562.23862
562.56887
562.97275
562.57402
562.100374
562.56856
562.56888
562.57379
562.144271
562.99721
562.96791
562.96555
562.57438
562.56878
562.57446
562.73368
562.96511
562.144211
562.56917
562.97458
562.29006
562.96999
562.97075
562.23895
562.96496
562.97172
562.96771
562.29008
562.58709
562.96488
562.144246
562.99842
562.57476
562.22669
562.23076
562.56825
562.56834
562.96851
562.96681
562.97224
562.23734
562.23194
562.96443
562.100613
562.5688
562.100802
562.56862
562.100784
562.57505
562.969
562.114631
562.5745
562.57442
562.22503
562.42826
562.144239
562.144325
562.56896
562.56784
562.97214
562.57104
562.96901
562.96553
562.97294
562.9976
562.144312
562.56777
562.97466
562.97028
562.100935
562.57364
562.42825
562.34089
562.57498
562.96703
562.2386
562.97019
562.56918
562.57249
562.96902
562.97108
562.144333
562.96693
562.100555
562.23181
562.57253
562.42852
562.98066
562.56762
562.23314
562.97231
562.144258
562.96556
562.57282
562.97246
562.57495
562.99692
562.971
562.97068
562.96974
562.97265
1328433.3
562.42856
562.569
562.9651
562.57377
562.57406
562.2268
562.57368
562.23293
562.144318
562.96516
562.28435
562.23317
562.97243
562.23229
562.97432
562.22491
562.114626
562.57192
562.3328
562.56901
562.99466
562.57133
562.57391
562.100751
562.99968
562.99681
562.99631
562.56818
562.57413
562.57247
562.57208
562.144205
562.56763
562.7336
562.97492
562.42828
562.5738
562.57482
562.96894
562.14426
562.97161
562.19633
562.57408
562.56857
562.57385
562.99435
562.23623
562.99862
562.96956
562.97168
562.7337
562.57458
562.23152
562.144168
562.58712
562.144192
562.9698
562.57378
562.96559
562.96871
562.57303
562.96971
562.97241
562.96762
562.22501
562.10005
562.56882
562.56907
562.144177
562.96453
562.96781
562.96515
562.10051
562.73363
562.99171
562.16324
562.22822
562.58726
562.9669
562.57267
562.973
562.22813
562.57489
562.22618
562.574
562.57078
562.9649
562.56914
562.57392
562.56799
562.97276
562.56874
562.56863
562.23356
562.97467
562.42863
562.57507
562.96688
562.22655
562.23608
562.23804
562.23212
562.100643
562.96795
562.144294
1438684.3
562.57473
562.56885
562.57487
562.23369
562.4286
562.96694
562.96484
562.100358
562.100119
562.23338
562.144334
562.97274
562.56915
562.57486
562.97118
562.97167
562.96493
562.42823
562.56794
562.97459
562.96509
562.23144
562.96856
562.56844
562.100678
562.57502
562.17359
562.5687
562.144189
562.57415
562.58732
562.144324
562.96975
562.56824
562.23306
562.73356
562.42843
562.23375
562.23814
562.96785
562.114673
562.98807
562.100331
562.56795
562.57248
562.42865
562.56876
562.57465
562.96691
562.97498
562.56849
562.144229
562.967
562.96664
562.57403
562.57416
562.4284
562.96955
562.56789
562.57484
562.96978
562.56792
562.57241
562.42862
562.98861
562.22426
562.97307
562.144266
562.28132
562.57373
562.99336
562.56873
562.97171
562.99743
562.97237
562.100263
562.144307
562.96671
562.99948
562.23458
562.30434
562.56853
562.57083
562.97069
562.100683
562.30362
562.56861
562.144234
562.88799
562.4285
562.98931
562.97
562.57199
562.144313
562.23403
562.9997
562.97106
562.56776
562.144183
562.97292
562.5729
562.57259
562.56904
562.9686
562.42851
562.58752
562.57401
562.97482
562.57371
562.23428
562.56919
562.12961
562.57119
562.5681
562.9946
562.97289
562.144167
562.23646
562.96942
562.56909
562.57254
562.97242
562.98796
562.9677
562.28131
562.96937
562.99945
562.97298
562.57252
562.57414
562.96444
562.96981
562.23377
562.56916
562.100497
562.575
562.57398
562.14423
562.96751
562.144223
562.57471
562.96711
562.56812
562.56897
562.73366
562.73365
562.97485
562.56837
562.96684
562.57257
562.144161
562.96906
562.57463
562.1003
562.56761
562.22529
562.100547
562.57508
562.99328
562.57081
562.96428
562.11463
562.144244
562.58738
562.96954
562.96557
562.9723
562.57196
562.42829
562.23391
562.97218
562.96508
562.57372
562.5692
562.28566
562.22478
562.96979
562.22481
562.9694
562.97305
562.23884
562.97165
562.57263
562.56826
562.23398
562.144207
562.1909
562.100961
562.9712
562.97222
562.23457
562.23488
562.96908
562.56859
562.56866
562.56842
562.57443
1438686.3
562.96931
562.5726
562.56912
562.57419
562.57387
562.14415
562.23487
562.58745
562.23894
562.96554
562.100838
562.28563
562.57124
562.57284
562.144259
562.33281
562.97244
562.99714
562.144257
562.14431
562.5872
562.97076
562.96551
562.994
562.100638
562.5725
562.56811
562.57492
562.9656
562.96686
562.100009
562.96857
562.22611
562.58706
562.99501
562.96789
562.58722
562.42867
562.5746
562.57493
562.144277
562.99271
562.97071
562.97253
562.97062
562.100205
562.56774
562.100385
562.9729
562.42835
562.97061
562.99751
562.4287
562.97297
562.17621
562.5686
562.57295
562.96705
562.23461
562.56846
562.9983
562.97293
562.57285
562.73353
562.99371
562.100742
562.56768
562.57288
562.57256
562.96898
562.56869
562.96881
562.23535
562.57365
562.57118
562.57464
562.96761
562.144157
562.16327
562.100405
562.100592
562.56819
562.96796
562.97299
562.22518
562.58766
562.56913
562.57474
562.57488
562.100018
562.17721
562.57404
562.96948
562.144265
562.97018
562.42846
562.42871
562.5749
562.14433
562.100278
562.99472
562.57363
562.57429
562.5691
562.144159
562.96946
562.96947
562.57494
562.56796
562.100044
562.23501
562.144283
562.144195
562.58716
562.42855
562.144305
562.22821
562.5874
562.97273
562.144304
562.56908
562.56782
562.96936
562.144196
562.56821
562.99693
562.57425
562.98362
562.97471
562.57258
562.100114
562.10016
562.144179
562.56838
562.14421
562.30435
562.56836
562.144274
562.96874
562.97027
562.97116
562.57278
562.57159
562.73372
562.42824
562.96495
562.56832
562.23463
562.144263
562.97017
562.23869
562.96558
562.96772
562.144261
562.99383
562.100565
562.5678
562.144247
562.57087
562.56765
562.97477
562.22541
562.5747
562.99406
562.100001
562.97029
562.57485
562.98401
562.57504
562.96695
562.57277
562.9688
562.100183
562.57089
562.14418
562.97025
562.5751
562.97464
562.23286
562.9727
562.97225
562.10068
562.9671
562.57481
562.56867
562.97474
562.9703
562.97173
562.97277
562.96787
562.23594
562.96485
562.99497
562.57218
562.96427
562.96784
562.96489
562.99264
562.9648
562.144311
562.96957
562.57451
562.96952
562.57478
562.57397
562.100449
562.73398
562.56809
562.56891
562.56798
562.2385
562.42834
562.97291
562.5683
562.56892
562.99127
562.56775
562.99048
562.100504
562.23195
562.9679
562.56803
562.14428
562.58735
562.99355
562.97308
562.73385
562.56847
562.96953
562.96418
562.57225
562.56766
562.22783
562.97271
562.100863
562.56894
562.57388
562.14416
562.5743
562.9666
562.19151
562.5682
562.96988
562.144209
562.144237
562.57457
562.96756
562.56808
562.144316
562.56767
562.58751
562.57292
562.96895
562.5709
562.99381
562.56787
562.42686
562.23783
562.2364
562.96663
562.42842
562.97268
562.9695
562.98372
562.56852
562.57235
562.56854
562.99272
562.73374
562.16326
562.9699
562.16325
562.22733
562.144197
562.9678
562.57503
562.99795
562.14427
562.144166
562.56828
562.19631
562.238
562.96699
562.99707
562.98302
562.100208
562.23189
562.57453
562.144279
562.57444
562.96903
562.100614
562.96562
562.58777
562.57432
562.42827
562.99037
562.57283
562.96854
562.97499
562.97033
562.98717
562.57469
562.57509
562.57386
562.9667
562.57279
562.57306
562.57491
562.96909
562.23494
562.99727
562.5744
562.19632
562.14417
562.42822
562.57281
562.98743
562.99352
562.56879
562.73349
562.56833
562.57168
562.100109
562.56899
562.568
562.97175
562.57238
562.56813
562.97479
562.96685
562.96786
562.97278
562.96998
562.99474
562.97162
562.100061
562.99642
562.96904
562.144219
562.98893
562.57455
562.144286
562.57435
562.42821
562.56823
562.23558
562.114672
562.57475
562.28805
562.100132
562.57424
562.56845
562.100833
562.96973
562.22538
562.100052
562.96486
562.23025
562.97394
562.97402
562.23289
562.144965
562.99929
562.96436
562.100537
562.5878
562.145015
562.99533
562.96835
562.23011
562.144308
562.98828
562.97117
562.99215
562.2315
562.52722
562.57097
562.100433
562.98703
562.98768
562.23662
562.22956
562.9809
562.98366
562.23686
562.98196
562.100567
562.23576
562.991
562.22612
562.22517
562.22706
562.99619
562.10012
562.10079
562.23161
562.98943
562.9893
562.10062
562.23847
562.100612
562.100944
562.99803
562.98339
562.98392
562.144992
562.22673
562.99124
562.22756
562.98536
562.98795
562.23191
562.98986
562.100103
562.97508
562.100283
562.100271
562.99546
562.98907
562.97439
562.145018
562.10057
562.100172
562.100265
562.97475
562.98753
562.22544
562.100167
562.98439
562.99025
562.23634
562.99022
562.73392
562.99794
562.10004
562.98719
562.96848
562.97189
562.9883
562.98524
562.97392
562.98427
562.98304
562.23766
562.100785
562.99473
562.100361
562.98488
562.22644
562.57177
562.57096
562.99099
562.99774
562.2321
562.96606
562.99846
562.99277
562.23709
562.96579
562.98227
562.100486
562.97212
562.98599
562.99719
562.99519
562.22521
562.97204
562.97478
562.23648
562.97051
562.22719
562.96575
562.96827
562.97067
562.99959
562.23086
562.97178
562.23826
562.96542
562.99268
562.98937
562.98253
562.100945
562.99926
562.99943
562.97255
562.9861
562.96498
562.9795
562.99784
562.100036
562.100552
562.98234
562.98379
562.23077
562.100384
562.97002
562.145078
562.97135
562.98769
562.22451
562.100458
562.2308
562.145033
562.98454
562.99262
562.100851
562.23828
562.100313
562.98722
562.23186
562.10028
562.145011
562.100507
562.96431
562.99011
562.23688
562.98856
562.2337
562.97203
562.99792
562.57144
562.10048
562.7335
562.100854
562.100074
562.100792
562.23532
562.100087
562.98016
562.23741
562.22916
562.23056
562.144957
562.98141
562.100647
562.99256
562.98495
562.96844
562.98324
562.98025
562.100038
562.99465
562.99982
562.23178
562.96529
562.97096
562.23133
562.99155
562.96481
562.23009
562.23043
562.98662
562.100429
562.9879
562.9807
562.98157
562.58749
562.9877
562.98307
562.23617
562.97388
562.97138
562.98734
562.100422
562.97382
562.97054
562.23738
562.23827
562.98782
562.100594
562.22458
562.97202
562.9819
562.23601
562.99877
562.98485
562.99975
562.22816
562.98198
562.23453
562.96779
562.100138
562.99446
562.98255
562.23318
562.23632
562.23796
562.99511
562.23362
562.23111
562.23221
562.99826
562.100366
562.98664
562.97213
562.98004
562.98647
562.96592
562.99517
562.22489
562.9868
562.99164
562.145038
562.98303
562.96805
562.100245
562.97317
562.99072
562.10069
562.98588
562.23097
562.99398
562.97209
562.99421
562.9691
562.57142
562.97085
562.995
562.9689
562.97971
562.23083
562.98564
562.58753
562.99228
562.14501
562.99723
562.97328
562.98194
562.22951
562.97342
562.99119
562.96828
562.100005
562.99449
562.96797
562.22965
562.22486
562.22546
562.23386
562.98556
562.98075
562.100881
562.57098
562.9902
562.100518
562.22792
562.23254
562.145016
562.58785
562.100016
562.23324
562.98609
562.100019
562.22439
562.23435
562.100733
562.9987
562.99267
562.99455
562.98633
562.57224
562.99894
562.100718
562.100217
562.99167
562.97435
562.99173
562.73357
562.57171
562.57099
562.22569
562.57216
562.2331
562.99628
562.9736
562.100923
562.99368
562.97385
562.573
562.23197
562.22572
562.99874
562.100255
562.145003
562.98058
562.22967
562.100706
562.100574
562.99807
562.96455
562.2365
562.9945
562.58778
562.100942
562.99886
562.98236
562.96622
562.100712
562.99121
562.100239
562.97446
562.100227
562.144252
562.23744
562.99884
562.99606
562.98673
562.100024
562.100332
562.97453
562.98334
562.22724
562.99924
562.100496
562.58771
562.100729
562.100602
562.23335
562.97334
562.97363
562.98562
562.98979
562.100444
562.100407
562.14499
562.96506
562.23376
562.96649
562.96963
562.23416
562.100438
562.98775
562.57326
562.50309
562.23833
562.10064
562.98467
562.99789
562.96643
562.23757
562.2272
562.100824
562.99365
562.23604
562.98183
562.98932
562.99032
562.2393
562.96736
562.98645
562.99832
562.100922
562.22949
562.9838
562.96546
562.73359
562.22534
562.98644
562.99023
562.98212
562.58788
562.97148
562.100502
562.98539
562.145006
562.22914
562.98435
562.22431
562.2358
562.99626
562.23759
562.23521
562.99764
562.9826
562.98306
562.22928
562.98453
562.98755
562.99995
562.99916
562.100931
562.23541
562.58748
562.98725
562.99847
562.96531
562.9815
562.100663
562.10077
562.57174
562.98409
562.97331
562.98785
562.144959
562.22459
562.97397
562.10014
562.22771
562.23918
562.99989
562.23255
562.23139
562.100702
562.23044
562.96434
562.99158
562.97369
562.23155
562.9661
562.98681
562.99977
562.97102
562.100383
562.22699
562.100829
562.99279
562.23891
562.98572
562.28389
562.98716
562.96469
562.100566
562.98335
562.98095
562.99308
562.23045
562.10092
562.10038
562.23659
562.97419
562.9867
562.9975
562.97329
562.23854
562.97456
562.23322
562.99811
562.97049
562.98994
562.96811
562.97973
562.96524
562.23799
562.9664
562.96544
562.2325
562.9888
562.23411
562.9832
562.23012
562.98284
562.98285
562.100249
562.23638
562.9959
562.99516
562.97423
562.100484
562.100817
562.9857
562.98341
562.23675
562.97949
562.99193
562.100441
562.99405
562.97146
562.98608
562.22566
562.22468
562.23919
562.100097
562.98591
562.23658
562.57122
562.57161
562.9673
562.99542
562.98351
562.100126
562.99992
562.99089
562.57314
562.100857
562.99651
562.22659
562.99477
562.23519
562.100122
562.100822
562.14503
562.22549
562.98648
562.97084
562.144228
562.100588
562.98163
562.14502
562.98126
562.9953
562.98238
562.98657
562.96725
562.98917
562.98584
562.57127
562.96655
562.96514
562.233
562.98878
562.144971
562.10093
562.23636
562.22585
562.57221
562.98824
562.100533
562.23082
562.98156
562.98791
562.144951
562.98097
562.22953
562.73351
562.100739
562.100723
562.100688
562.57309
562.100654
562.98655
562.99802
562.98813
562.100642
562.23002
562.23142
562.98996
562.2259
562.100576
562.23271
562.23936
562.98661
562.96834
562.99056
562.99334
562.23093
562.100078
562.42761
562.22824
562.23204
562.145064
562.22598
562.99075
562.96438
562.97332
562.96817
562.96646
562.23114
562.144206
562.97939
562.99613
562.98967
562.23269
562.99918
562.97144
562.99703
562.100158
562.98597
562.98416
562.23225
562.23736
562.98297
562.22584
562.22725
562.22623
562.97408
562.100477
562.97183
562.98747
562.9739
562.144974
562.97434
562.145035
562.97344
562.22446
562.100328
562.98063
562.5732
562.9692
562.145026
562.98363
562.100011
562.100012
562.99844
562.97347
562.100066
562.99557
562.98348
562.23274
562.58783
562.144958
562.144952
562.96596
562.99186
562.100049
562.99514
562.97445
562.96465
562.96505
562.99243
562.99675
562.100605
562.96426
562.96832
562.23219
562.23739
562.23921
562.99711
562.100363
562.144193
562.100189
562.100517
562.96661
562.99019
562.22671
562.2261
562.97414
562.22429
562.100815
562.23003
562.97977
562.22763
562.99081
562.99244
562.99679
562.97501
562.98964
562.97405
562.99006
562.23609
562.23592
562.100359
562.99778
562.100532
562.23292
562.23151
562.100746
562.57328
562.9802
562.145013
562.100505
562.23116
562.97966
562.23514
562.99766
562.23337
562.145044
562.9811
562.99408
562.96451
562.99348
562.100887
562.99036
562.100816
562.99726
562.22943
562.99736
562.99419
562.96959
562.99649
562.99439
562.100013
562.23459
562.73364
562.97447
562.100731
562.98848
562.23353
562.98723
562.57139
562.99107
562.98443
562.98013
562.97267
562.100583
562.97946
562.100521
562.99156
562.22504
562.99615
562.98149
562.2243
562.2344
562.2277
562.98566
562.23896
562.2369
562.23216
562.57154
562.100551
562.22444
562.9982
562.5718
562.100443
562.100607
562.98506
562.58765
562.98752
562.100173
562.99329
562.98134
562.57175
562.99883
562.22697
562.98497
562.100577
562.99556
562.99682
562.29003
562.98683
562.231
562.23345
562.99184
562.10009
562.98105
562.57211
562.99769
562.23122
562.73355
562.2373
562.999
562.23856
562.96918
562.23544
562.98424
562.99793
562.9965
562.97361
562.97058
562.99375
562.98014
562.23223
562.22695
562.100772
562.23598
562.2379
562.98263
562.100856
562.98447
562.23584
562.22649
562.9873
562.100661
562.23493
562.97444
562.23339
562.100007
562.99955
562.2324
562.96623
562.100483
562.97092
562.23349
562.99825
562.22964
562.99394
562.23089
562.144315
562.100763
562.98222
562.98094
562.98915
562.98508
562.22818
562.98658
562.100266
562.9676
562.100846
562.96731
562.22558
562.100542
562.98587
562.23148
562.98207
562.99848
562.99641
562.23026
562.99286
562.98002
562.100963
562.97216
562.98741
562.23074
562.144991
562.96865
562.144955
562.98788
562.9683
562.98428
562.98512
562.100869
562.23064
562.144985
562.9978
562.2273
562.96641
562.9896
562.97452
562.100889
562.57153
562.100805
562.100412
562.98089
562.99947
562.9675
562.96521
562.100506
562.145056
562.98278
562.2349
562.98382
562.9684
562.10084
562.100235
562.98988
562.100256
562.99045
562.99596
562.98844
562.96716
562.99752
562.10011
562.98766
562.99027
562.100825
562.23546
562.100658
562.96759
562.100488
562.22761
562.23256
562.98375
562.98957
562.9905
562.98378
562.99168
562.22935
562.98902
562.9848
562.96458
562.23838
562.98605
562.98947
562.22745
562.57236
562.100127
562.98721
562.232
562.99337
562.99059
562.23839
562.98579
562.98029
562.99899
562.100408
562.100307
562.57232
562.58708
562.9962
562.22705
562.100627
562.9886
562.23267
562.97354
562.23119
562.97099
562.99261
562.97043
562.22945
562.97006
562.98933
562.10015
562.99151
562.100053
562.99046
562.100865
562.2297
562.99169
562.23102
562.9891
562.992
562.23183
562.98417
562.99017
562.99054
562.23719
562.100539
562.145027
562.73346
562.23068
562.100799
562.23866
562.23251
562.23777
562.100512
562.23772
562.23265
562.23619
562.22808
562.98688
562.99612
562.234
562.99526
562.2375
562.22509
562.100874
562.96586
562.96776
562.23446
562.100909
562.98037
562.23281
562.97387
562.22924
562.99737
562.23288
562.23138
562.99996
562.23923
562.98287
562.23399
562.100941
562.99323
562.23499
562.22729
562.98985
562.99509
562.23441
562.57304
562.2251
562.98444
562.97036
562.23228
562.98553
562.99934
562.100814
562.99181
562.99393
562.96927
562.99739
562.23431
562.23887
562.22994
562.58787
562.100086
562.100938
562.23708
562.99283
562.100082
562.97082
562.98819
562.100076
562.99893
562.144202
562.100083
562.97989
562.23768
562.99409
562.99237
562.22452
562.23579
562.96738
562.28565
562.99291
562.98977
562.98499
562.98941
562.9894
562.23664
562.22662
562.99949
562.23315
562.98606
562.42848
562.2368
562.144191
562.9839
562.23695
562.23511
562.98663
562.23472
562.98631
562.100806
562.57329
562.96893
562.97156
562.98822
562.98474
562.144151
562.99741
562.22674
562.23517
562.98136
562.2263
562.9663
562.22931
562.97418
562.23305
562.23729
562.99563
562.100231
562.98128
562.22657
562.144963
562.99537
562.99823
562.100727
562.22638
562.100492
562.22979
562.100106
562.96437
562.100812
562.22471
562.23175
562.98279
562.98911
562.99513
562.97119
562.100839
562.96507
562.9706
562.100548
562.99645
562.100623
562.2257
562.23444
562.99841
562.99434
562.100572
562.144972
562.99702
562.98653
562.99016
562.100048
562.98225
562.23101
562.100229
562.99259
562.100099
562.100868
562.97376
562.99824
562.23665
562.98026
562.100198
562.99933
562.100875
562.97411
562.99214
562.97484
562.98142
562.97063
562.96714
562.98652
562.99296
562.9947
562.2279
562.97992
562.968
562.22664
562.100795
562.23907
562.99652
562.100914
562.9715
562.99806
562.99911
562.99073
562.99456
562.100759
562.100045
562.96969
562.100757
562.99026
562.53932
562.97101
562.96541
562.96607
562.96566
562.96536
562.9943
562.100304
562.98017
562.23706
562.100107
562.98627
562.100309
562.9942
562.98088
562.22693
562.100445
562.98365
562.98012
562.97139
562.99278
562.96584
562.23589
562.99467
562.22802
562.99635
562.2294
562.145439
562.100593
562.10033
562.97124
562.100827
562.98338
562.2255
562.22731
562.99412
562.98611
562.99879
562.100629
562.97436
562.23864
562.98581
562.96858
562.97355
562.23698
562.99219
562.98952
562.23143
562.23651
562.98515
562.23561
562.98873
562.100442
562.23678
562.23378
562.23674
562.9897
562.22473
562.97024
562.23815
562.22686
562.100325
562.100163
562.57198
562.97191
562.98374
562.99895
562.98585
562.23153
562.96608
562.100281
562.23556
562.97087
562.96962
562.100017
562.23001
562.9654
562.98448
562.99289
562.98899
562.22573
562.23436
562.23482
562.100008
562.99013
562.98527
562.97037
562.9837
562.99983
562.99039
562.96648
562.22803
562.22667
562.58792
562.9647
562.99015
562.9999
562.22782
562.98984
562.23336
562.96563
562.9988
562.100826
562.10026
562.98312
562.144242
562.98045
562.22815
562.98922
562.23078
562.23325
562.22441
562.98889
562.22652
562.144321
562.22732
562.100482
562.23424
562.96801
562.97972
562.23746
562.2355
562.96613
562.98547
562.9952
562.145058
562.144998
562.98206
562.99611
562.99715
562.98432
562.98965
562.23871
562.22654
562.96473
562.23094
562.97053
562.98441
562.98697
562.22485
562.99748
562.98875
562.98027
562.99118
562.97091
562.22621
562.10002
562.22757
562.23115
562.22474
562.96593
562.98359
562.23157
562.100494
562.99666
562.23841
562.98507
562.9869
562.99471
562.100399
562.145072
562.98411
562.99239
562.100876
562.98509
562.100669
562.73352
562.9955
562.100027
562.98185
562.98445
562.100474
562.97039
562.57321
562.23423
562.98308
562.98841
562.100324
562.22872
562.98373
562.97505
562.9929
562.100194
562.9821
562.98023
562.9973
562.97014
562.100343
562.98523
562.99204
562.99523
562.23537
562.99088
562.98243
562.100756
562.98329
562.98596
562.99753
562.58715
562.23438
562.144976
562.23321
562.96802
562.96517
562.100684