562.23727
562.140825
562.100555
562.97302
562.97177
562.97106
562.23488
562.58628
562.2268
562.57421
562.56816
562.100643
562.100475
562.23212
562.97114
562.97238
562.42866
562.140824
562.56889
562.96997
562.57435
562.5681
562.97167
562.56859
562.98379
562.140895
562.96446
562.42747
562.57178
562.57416
562.96454
562.97109
562.42689
562.57432
562.23172
562.57199
562.23306
562.57281
562.57232
562.98372
562.99707
562.56874
562.57505
562.101974
562.57189
562.22909
562.58644
562.100119
562.57292
562.96852
1438685.3
562.98618
562.97253
562.10013
562.23618
562.57419
562.23463
562.57404
562.57413
562.56873
562.57303
562.9648
562.57082
562.57273
562.97027
562.100569
562.23869
562.96552
562.57378
562.58647
562.96494
562.29008
562.57196
562.9997
562.56882
562.97162
562.42663
562.9914
562.97236
562.57433
562.58739
562.56781
562.100861
562.114626
562.97069
562.58735
562.97076
562.42852
562.56782
562.56875
562.97223
562.100497
562.58649
562.97306
562.5747
562.99379
562.56822
562.42722
562.57287
562.56888
562.9703
562.57476
562.42832
562.22821
562.99469
562.23508
562.96428
562.96496
562.57434
562.100613
562.57282
562.57238
562.16324
562.57497
562.96931
562.140909
562.2385
562.57379
562.56898
562.57407
562.1909
562.100784
562.56835
562.96441
562.56871
562.1409
562.9934
562.42855
562.9667
562.42871
562.23403
562.56767
562.57464
562.57426
562.58629
562.57124
562.96488
562.57454
562.140907
562.42662
562.42822
562.140865
562.23899
562.57289
562.58709
562.97266
562.100614
562.97273
562.56915
562.22551
562.37108
1438684.3
562.102124
562.96558
562.30434
562.96509
562.5865
562.56814
562.97068
562.96958
562.42642
562.58638
562.57084
562.7695
562.57453
562.7756
562.227
562.96925
562.97241
562.98796
562.57077
562.140869
562.97229
562.57463
562.140891
562.2256
562.99642
562.97224
1328439.3
562.100331
562.58767
562.57444
562.97479
562.98483
562.3146
562.97072
562.96785
562.28434
562.97299
562.42868
562.42735
562.96854
562.23229
562.57388
562.56829
562.57267
562.42748
562.5679
562.16327
562.98743
562.23451
562.100374
562.96957
562.57298
562.96554
562.56779
562.4286
562.99743
562.22501
562.23273
562.23874
562.98165
562.97242
562.114672
562.56878
562.22822
562.58643
562.97235
562.5692
562.56841
562.29006
562.998
562.97171
562.56786
562.42843
562.56821
562.58645
562.100961
562.58651
562.42665
562.992
562.56807
562.140892
562.99931
562.1296
562.57159
562.56819
562.23215
562.22432
562.9698
562.42867
562.97277
562.23505
562.56825
562.96949
562.57483
562.100468
562.23076
562.96855
562.140901
562.96909
562.96781
562.7674
562.42694
562.42696
562.97247
562.28839
562.57459
562.57254
562.57322
562.33281
562.56906
562.42675
562.5739
562.973
562.23369
562.42835
562.97297
562.23574
562.100449
562.100023
562.57076
562.99048
562.28845
562.57495
562.96442
562.100427
562.5749
562.100802
562.97485
562.58621
562.56877
562.42749
562.100504
562.57489
562.12959
562.9801
562.99451
562.56813
562.23181
562.100638
562.56765
562.100632
562.42691
562.42821
562.23294
562.96978
562.100749
562.56853
562.99084
562.23608
562.5691
562.45845
562.140864
562.58719
562.99403
562.56899
562.42672
562.100793
562.98867
562.99631
562.5746
562.96701
562.57403
562.42683
562.57277
562.3328
562.23131
562.30435
562.96998
562.114631
562.42685
562.42659
562.96419
562.57445
562.56854
562.57131
562.97808
562.140894
562.56885
562.58722
562.100205
562.100278
562.98302
562.98978
562.58775
562.100671
562.56849
562.57423
562.96664
562.42755
562.2364
562.96784
562.97225
562.28838
562.9711
562.56806
562.99985
562.57257
562.96423
562.56768
562.42731
562.42668
562.57383
562.140899
562.42681
562.42739
562.100526
562.96938
562.42677
562.99466
1328437.3
562.42869
562.57486
562.99272
562.57086
562.99913
562.22543
562.9699
562.97166
562.5677
562.23396
562.57278
562.96553
562.23487
562.57221
562.58738
562.56811
562.97482
562.97303
562.57491
562.140826
562.99968
562.56798
562.28567
562.58635
562.140866
562.140904
562.96511
562.57284
562.114625
562.42651
562.96703
562.22793
562.57085
562.97169
562.97769
562.57264
562.9707
562.100554
562.42826
562.56886
562.42824
562.57244
562.2333
562.99254
562.140881
562.56827
562.99882
562.100886
562.23391
562.57412
562.58626
562.14087
562.96424
562.96713
562.56863
562.96671
562.56803
562.57198
562.42827
562.4268
562.98805
562.96658
562.57091
562.100549
562.57441
562.5871
562.57119
562.58623
562.57443
562.22479
562.22733
562.97033
562.140876
562.22768
562.57078
562.96522
562.97021
562.56848
562.57315
562.42841
562.96899
562.56909
562.57256
562.42854
562.96856
562.57451
562.97474
562.23646
562.23458
562.57477
562.96662
562.96429
562.23909
562.58642
562.140877
562.58766
562.23284
562.97
562.96485
562.42829
562.100601
562.57094
562.96663
562.56775
562.99228
562.96999
562.57181
562.42834
562.96516
562.140884
562.42745
562.56864
562.22754
562.99862
562.56831
562.57197
562.42842
562.56764
562.97108
562.96557
562.56845
562.97105
562.58751
562.100703
562.57306
562.9686
562.99839
562.1762
562.96493
562.56795
562.42859
562.56912
562.57502
562.99351
562.100305
562.56797
562.42684
562.42853
562.96705
562.97103
562.5709
562.42678
562.57452
562.57367
562.58637
562.58627
562.100683
562.56843
562.100678
562.96427
562.19631
562.96981
562.56891
562.42851
562.97291
562.57455
562.4271
562.4284
562.97062
562.4275
562.28132
562.57166
562.57436
562.58714
562.100218
562.96418
562.96975
562.99504
562.140902
562.96433
562.97227
562.42702
562.42711
562.29139
562.58752
562.42669
562.96495
562.56908
562.56785
562.56815
562.56833
562.5729
562.97499
562.22536
562.42673
562.99693
562.9717
562.99597
562.58736
562.57461
562.96519
562.31458
562.56903
562.96453
562.23737
562.23457
562.23494
562.42736
562.140872
562.57384
562.97492
562.56772
562.56839
562.56911
562.97029
562.56879
562.100114
562.23311
562.56914
562.97305
562.5708
562.23317
562.42713
562.140903
562.57398
562.28844
562.5863
562.22717
562.99126
562.97239
562.5689
562.42872
562.28563
562.98401
562.9727
562.11463
562.58732
562.56922
562.98362
562.56872
562.96443
562.42823
562.42639
562.96952
562.97075
562.57168
562.97164
562.23862
562.4266
562.57449
562.967
562.23272
562.42741
562.99605
562.97254
562.56847
562.97017
562.97161
562.99435
562.28566
562.17359
562.56801
562.4267
562.57417
562.31449
562.5687
562.57456
562.23507
562.22787
562.96853
562.23734
562.23821
562.5688
562.42657
562.96979
562.57259
562.16325
562.97243
562.97028
562.100375
562.23365
562.57265
562.96902
562.140918
562.42863
562.29007
562.56921
562.96666
562.97301
562.57468
562.56862
562.56902
562.99274
562.23615
562.97304
562.5874
562.96988
562.57275
562.12961
562.140887
562.42654
562.96515
562.96974
562.22984
562.97271
562.57235
562.57509
562.140874
562.96994
562.58622
562.99681
562.4287
562.57363
562.97222
562.58632
562.58724
562.96696
562.57219
562.9649
562.23398
562.57422
562.57083
562.96518
562.99422
562.971
562.97061
562.102106
562.5686
562.56919
562.140911
562.140828
562.42762
562.57374
562.56826
562.140862
562.140883
562.57293
562.57179
562.9983
562.5751
562.56771
562.100742
562.5726
562.99633
562.23566
562.42682
562.57487
562.96783
562.22478
562.99381
562.22481
562.57415
562.56907
562.140875
562.96459
562.96791
562.97004
562.56776
562.56884
562.23314
562.9946
562.96562
562.96862
562.100311
562.56881
562.56896
562.57252
562.57234
562.5743
562.57382
562.97174
562.96992
562.140919
562.22669
562.9678
562.56917
562.42717
562.574
562.140885
562.96492
562.96491
562.22541
562.99336
562.97074
562.4269
562.5727
562.42661
562.57424
562.23558
562.22813
562.96445
562.7747
562.42825
562.23769
562.56777
562.99433
562.34089
562.99946
562.96712
562.57323
562.56901
562.99345
562.42708
562.56866
562.9697
562.96847
562.57482
562.23356
562.19633
562.57285
562.9671
562.57506
562.56812
562.56789
562.57373
562.100665
562.42687
562.140868
562.56916
562.57474
562.57465
562.57208
562.58706
562.22529
562.56828
562.57137
562.9652
562.56805
562.22488
562.57368
562.56858
562.57458
562.57294
562.56918
562.42649
562.99037
562.57291
562.57484
562.98451
562.57372
562.58633
562.45659
562.56787
562.100838
562.10051
562.16466
562.96699
562.99497
562.57447
562.100751
562.96707
562.56799
562.97498
562.97032
562.56883
562.9724
562.57288
562.23914
562.57496
562.96673
562.23783
562.57462
562.5685
562.57446
562.57503
562.42664
562.98278
562.23501
562.9656
562.56762
562.57268
562.16326
562.97237
562.23144
562.57087
562.5864
562.56904
562.22655
562.56894
562.96788
562.56761
562.100863
562.569
562.99122
562.23894
562.97228
562.96996
562.98561
562.57286
562.97308
562.96709
562.99499
562.56824
562.96787
562.96898
562.57079
562.42856
562.96789
562.28435
562.100208
562.9702
562.96708
562.97294
562.56788
562.17721
562.114673
562.4282
562.99479
562.56791
562.9976
562.22811
562.99948
562.96939
562.140905
562.58624
562.57473
1328434.3
562.57469
562.99414
562.42656
562.22503
562.96934
562.5741
562.57457
562.56794
562.97265
562.56869
562.57472
562.57466
562.23046
562.56855
562.42831
562.42828
562.56832
562.58734
562.99355
562.42757
562.140888
562.23461
562.96551
562.140878
562.97231
562.96444
562.96711
562.96932
562.99795
562.56802
562.23286
562.97023
562.57253
562.4276
562.56809
562.23884
562.96432
562.96695
562.57255
562.99751
562.42723
562.57499
562.57249
562.23623
562.42846
562.100132
562.56773
562.96796
562.57437
562.140882
562.140829
562.42746
562.58648
562.45592
562.99371
562.99692
562.56865
562.57385
562.97018
562.140867
562.9725
562.57271
562.56846
562.42729
562.58716
562.56804
562.14089
562.96795
562.23743
562.42703
562.96851
562.57492
562.100385
562.5682
562.99724
562.42652
562.42634
562.56852
562.96555
562.56837
562.100935
562.96556
562.42667
562.9968
562.23047
562.97173
562.56838
562.56857
562.23293
562.58712
562.56905
1328433.3
562.101975
562.7691
562.56769
562.97268
562.56774
562.975
562.97175
562.58636
562.9651
562.31457
562.57295
562.23594
562.9712
562.23395
562.23413
562.96786
562.96936
562.17621
562.97025
562.23804
562.96965
562.23338
562.100061
562.57269
562.140893
562.97118
562.42862
562.97172
562.57479
562.56796
562.97071
562.4265
562.57262
562.140873
562.56893
562.4285
562.58758
562.97022
562.97467
562.56817
562.57507
562.100592
562.96933
562.56876
562.5676
562.57225
562.97276
562.58777
562.96935
562.42693
562.19823
562.10068
562.97927
562.96857
562.56834
562.57381
562.96561
562.56784
562.22426
562.140908
562.9723
562.42734
562.42679
562.5872
562.17722
562.99727
562.5737
562.57218
562.28131
562.96792
562.97168
562.568
562.57406
562.140871
562.5745
562.99958
562.31451
562.57263
562.23152
562.23895
562.56868
562.42849
562.57129
562.97165
562.56836
562.23295
562.98931
562.96995
562.100192
562.100183
562.9679
562.56844
562.42721
562.42706
562.56766
562.96706
562.42858
562.57081
562.96937
562.97244
562.140849
562.42653
562.23226
562.42692
562.57296
562.97477
562.42658
562.56808
562.56867
562.42635
562.57089
562.5713
562.19632
562.98717
562.99474
562.97278
562.97245
562.97274
562.98344
562.140886
562.14091
562.58641
562.22586
562.100263
562.96508
562.100018
562.56823
562.99501
562.96971
562.56851
562.56842
562.42728
562.42756
562.57184
562.57376
562.58631
562.96487
562.97219
562.42873
562.57187
562.5712
562.56793
562.99271
562.2386
562.140827
562.96901
562.58737
562.97309
562.57411
562.57096
562.56763
562.57276
562.57261
562.97226
562.42861
562.42648
562.96657
562.56783
562.97019
562.100562
562.57365
562.96425
562.140964
562.42671
562.57266
562.57377
562.28846
562.140897
562.140853
562.96457
562.100335
562.99754
562.5728
562.100775
562.57392
562.5678
562.42738
562.57183
562.42707
562.57205
562.5684
562.96993
562.97298
562.97246
562.56792
562.42833
562.99463
562.57283
562.96484
562.56861
562.31452
562.99842
562.9666
562.5683
562.99471
562.140896
562.140851
562.1003
562.99834
562.42742
562.99701
562.5725
562.58634
562.5748
562.57133
562.30349
562.100565
562.23454
562.57247
562.100405
562.28805
562.57241
562.96489
562.42647
562.31466
562.96559
562.56895
562.42865
562.23428
562.4283
562.56913
562.57448
562.58625
562.57088
562.97259
562.7698
562.57274
562.23792
562.97116
562.56856
562.96987
562.97307
562.57408
562.98861
562.58726
562.56887
562.42714
562.57364
562.57279
562.427
562.97463
562.30362
562.45644
562.57366
562.56818
562.10005
562.57321
562.22764
562.56778
562.140889
562.56892
562.99383
562.57248
562.23585
562.100547
562.57429
562.57504
562.56897
562.99426
562.10016
562.99721
562.99871
562.57258
562.10046
562.96456
562.22651
562.100445
562.9804
562.57108
562.10026
562.99162
562.98817
562.232
562.23462
562.97988
562.23745
562.23004
562.99574
562.100399
562.100203
562.23442
562.57173
562.456
562.10047
562.57114
562.97817
562.98932
562.99209
562.97907
562.100138
562.98872
562.23887
562.97009
562.100354
562.99992
562.22953
562.12962
562.99824
562.98049
562.22643
562.22443
562.96645
562.99135
562.98627
562.99315
562.98664
562.23581
562.98688
562.97878
562.229
562.100008
562.23205
562.97452
562.23187
562.98073
562.97338
562.100349
562.98093
562.2297
562.57105
562.58785
562.7582
562.96481
562.100856
562.22486
562.98175
562.96439
562.97796
562.23128
562.97948
562.98325
562.97139
562.23781
562.7637
562.7735
562.22882
562.99657
562.144981
562.99876
562.23636
562.98461
562.42676
562.23406
562.97368
562.97873
562.99675
562.98777
562.22528
562.99174
562.22654
562.99865
562.98426
562.99319
562.97281
562.7776
562.22767
562.9987
562.96606
562.98457
562.100094
562.100076
562.100645
562.23376
562.96908
562.98453
562.99443
562.22685
562.98496
562.100091
562.144996
562.97134
562.22927
562.42646
562.42719
562.98222
562.96733
562.99534
562.7671
562.9791
562.9665
562.100785
562.99696
562.96723
562.98514
562.9658
562.22565
562.97996
562.57304
562.23606
562.22796
562.97045
562.97052
562.23328
562.23541
562.100258
562.57103
562.23145
562.100492
562.100438
562.23109
562.98419
562.96477
562.22568
562.98558
562.98468
562.97961
562.100487
562.23165
562.10049
562.100145
562.10056
562.98387
562.100237
562.22911
562.23246
562.100947
562.98295
562.10066
562.99097
562.100893
1438686.3
562.100625
562.23685
562.23452
562.22552
562.98261
562.99776
562.100425
562.23841
562.98088
562.100958
562.99761
562.97967
562.100451
562.98892
562.1006
562.100324
562.23027
562.22888
562.98087
562.23124
562.100327
562.99374
562.23164
562.97934
562.98197
562.96765
562.99372
562.9832
562.98986
562.97398
562.97085
562.23785
562.98898
562.98223
562.98218
562.97504
562.100723
562.22667
562.99667
562.100065
562.7738
562.100157
562.98716
562.23867
562.97153
562.100428
562.98707
562.9877
562.97429
562.96542
562.96835
562.57109
562.98623
562.96756
562.45649
562.97043
562.100055
562.98319
562.22696
562.98697
562.97836
562.99211
562.98449
562.22607
562.99108
562.100552
562.99527
562.98757
562.45661
562.2366
562.145078
562.100561
562.98684
562.23849
562.98547
562.97986
562.9685
562.99926
562.7726
562.97799
562.100431
562.100164
562.100849
562.23052
562.96849
562.97508
562.23373
562.96642
562.23209
562.97135
562.96467
562.96668
562.42837
562.99687
562.23492
562.96837
562.7759
562.23289
562.22531
562.98654
562.57123
562.97388
562.99923
562.98588
562.98312
562.99678
562.96873
562.100579
562.23798
562.99011
562.98098
562.98776
562.100873
562.98974
562.98967
562.22712
562.58725
562.9882
562.9662
562.22706
562.7719
562.96777
562.45599
562.97932
562.23305
562.99183
562.2346
562.23596
562.99001
562.100295
562.98552
562.23773
562.98035
562.100799
562.9745
562.22645
562.98217
562.23102
562.1009
562.23448
562.98444
562.22465
562.99034
562.23177
562.96839
562.98164
562.98515
562.99409
562.42688
562.99756
562.98761
562.9855
562.99178
562.100808
562.42699
562.23517
562.97971
562.98269
562.233
562.7777
562.23903
562.23243
562.23934
562.140833
562.100011
562.98646
562.100003
562.100142
562.96513
562.99307
562.100013
562.99094
562.98067
562.98507
562.238
562.23855
562.96752
562.2331
562.99767
562.22724
562.23185
562.45602
562.23485
562.99406
562.97763
562.100912
562.100245
562.98759
562.99404
562.100235
562.7659
562.98189
562.23469
562.97039
562.100483
562.96797
562.96619
562.97015
562.96659
562.23241
562.23717
562.9959
562.98599
562.23702
562.96848
562.97965
562.22879
562.57175
562.57176
562.99193
562.97234
562.9856
562.58762
562.23625
562.100077
562.23607
562.96434
562.99522
562.98072
562.100795
562.98443
562.22647
562.23044
562.99818
562.23337
562.23351
562.99962
562.100794
562.98452
562.96859
562.100312
562.9902
562.14503
562.9869
562.42737
562.99018
562.100514
562.58704
562.22799
562.100325
562.96475
562.100629
562.96982
562.97776
562.97203
562.98259
562.23374
562.99517
562.96843
562.99981
562.96563
562.7708
562.99881
562.96726
562.96569
562.98
562.2354
562.9963
562.99672
562.97197
562.57299
562.23055
562.99445
562.96986
562.10059
562.23116
562.96928
562.100878
562.96517
562.97837
562.98137
562.2273
562.23156
562.22678
562.22871
562.97754
562.100636
562.99641
562.99109
562.99928
562.98945
562.100409
562.22995
562.23863
562.774
562.100133
562.98724
562.23509
562.99705
562.98089
562.23672
562.98914
562.97842
562.99199
562.98656
562.100441
562.100631
562.100392
562.99563
562.96945
562.97284
562.9897
562.9709
562.57223
562.98168
562.10012
562.98028
562.99118
562.22935
562.100533
562.23002
562.98642
562.97293
562.100037
562.97331
562.97011
562.98031
562.23148
562.23663
562.99175
562.98788
562.23701
562.99802
562.22789
562.97269
562.99306
562.9858
562.23719
562.23259
562.98119
562.100131
562.99775
562.99378
562.144971
562.97261
562.100299
562.99538
562.97121
562.99978
562.99883
562.98749
562.22849
562.100516
562.97406
562.99475
562.98264
562.98985
562.97096
562.98794
562.23411
562.45655
562.98054
562.100727
562.99859
562.99157
562.100038
562.23723
562.771
562.96964
562.97296
562.99629
562.99624
562.98653
562.98033
562.23283
562.2277
562.22783
562.145022
562.96464
562.23797
562.5719
562.100892
562.97811
562.100544
562.100147
562.22959
562.99446
562.98571
562.98766
562.57174
562.144966
562.23032
562.22698
562.58781
562.100798
562.9837
562.98092
562.22899
562.98057
562.100304
562.100417
562.99567
562.23081
562.99856
562.7569
562.100833
562.144999
562.100594
562.99666
562.7632
562.100911
562.22557
562.9785
562.22858
562.99843
562.22545
562.99949
562.42643
562.762
562.57098
562.9841
562.97925
562.99858
562.96779
562.100691
562.98386
562.23332
562.100414
562.22464
562.23489
562.97117
562.100402
562.22918
562.98476
562.99026
562.100361
562.22613
562.100598
562.9894
562.99898
562.99888
562.99552
562.23041
562.99408
562.99002
562.98244
562.22869
562.98655
562.98148
562.100763
562.57151
562.10052
562.97908
562.45593
562.96967
562.10007
562.23416
562.45613
562.22831
562.97024
562.99407
562.23096
562.2367
562.98519
562.23587
562.22513
562.97334
562.98758
562.23543
562.57099
562.100282
562.96976
562.22657
562.14505
562.99224
562.98734
562.96702
562.98025
562.100735
562.99165
562.97749
562.23875
562.100913
562.99885
562.97412
562.23153
562.98205
562.9901
562.28389
562.98545
562.99708
562.231
562.99431
562.97904
562.22663
562.97102
562.99334
562.98839
562.96963
562.22823
562.97098
562.23043
562.98908
562.100243
562.96452
562.98012
562.2266
562.23025
562.145028
562.22976
562.22925
562.98342
562.22928
562.45633
562.99827
562.22968
562.98926
562.100097
562.100089
562.23793
562.97365
562.42715
562.99081
562.7572
562.97082
562.1002
562.140848
562.10093
562.97997
562.23721
562.98725
562.100499
562.98691
562.98145
562.96778
562.9861
562.23493
562.23865
562.22617
562.98219
562.100925
562.23207
562.100177
562.99163
562.97185
562.9805
562.99712
562.97972
562.99894
562.98248
562.9932
562.97787
562.100608
562.22693
562.45624
562.100103
562.23881
562.140863
562.98851
562.23716
562.22515
562.100286
562.96677
562.100689
562.7783
562.58707
562.100914
562.98929
562.23833
562.9922
562.100493
562.98079
562.100355
562.145007
562.97355
562.100066
562.99576
562.144963
562.23281
562.22703
562.98125
562.23692
562.99219
562.23778
562.23854
562.7718
562.99861
562.99459
562.99993
562.57414
562.22833
562.99326
562.97782
562.97975
562.23183
562.99841
562.97786
562.57308
562.97282
562.7785
562.97433
562.97914
562.99129
562.98949
562.98313
562.45647
562.97179
562.99808
562.23644
562.98797
562.100067
562.100726
562.99543
562.22845
562.22648
562.99604
562.96465
562.100842
562.97385
562.22563
562.9888
562.100141
562.98411
562.23199
562.23838
562.100791
562.22818
562.98322
562.23415
562.96962
562.96498
562.145058
562.23218
562.98153
562.98607
562.57139
562.100677
562.100688
562.23479
562.98172
562.7793
562.9681
562.98348
562.9823
562.100758
562.98112
562.23664
562.23768
562.99453
562.22525
562.100443
562.22446
562.22771
562.97064
562.9916
562.45636
562.96833
562.100019
562.5732
562.97036
562.23586
562.97089
562.7786
562.22964
562.96919
562.23826
562.98982
562.100064
562.7727
562.99867
562.96583
562.2352
562.99125
562.57193
562.99481
562.9809
562.100869
562.57177
562.96956
562.98883
562.98608
562.99922
562.23456
562.99851
562.22547
562.23173
562.144946
562.100281
562.98881
562.97824
562.57102
562.97124
562.22902
562.2264
562.98258
562.10029
562.9938
562.22985
562.96473
562.22776
562.100824
562.22483
562.23214
562.98592
562.99078
562.57399
562.99614
562.100692
562.99739
562.144998
562.98335
562.22803
562.22709
562.42744
562.97058
562.22847
562.99416
562.23167
562.7622
562.9677
562.100745
562.98215
562.99539
562.97514
562.99512
562.45656
562.9705
562.98063
562.57117
562.2343
562.42641
562.2243
562.99436
562.98874
562.98687
562.23593
562.23739
562.98765
562.53932
562.7644
562.9912
562.99513
562.23017
562.100702
562.23036
562.99235
562.10075
562.97938
562.22524
562.23432
562.9887
562.99415
562.22463
562.9732
562.98696
562.100274
562.98495
562.98427
562.22451
562.45654
562.45621
562.97424
562.97895
562.96601
562.99051
562.99096
562.98617
562.23331
562.100419
562.97125
562.97313
562.57213
562.100681
562.2389
562.99232
562.100478
562.10054
562.10038
562.100955
562.96887
562.98997
562.100941
562.99246
562.98842
562.2345
562.9875
562.99484
562.22827
562.7666
562.23576
562.23736
562.99494
562.23028
562.23498
562.100736
562.97922
562.100502
562.98327
562.99579
562.99191
562.99593
562.100715
562.99879
562.99263
562.100553
562.99783
562.99755
562.99868
562.100206
562.45606
562.9777
562.23091
562.98167
562.99798
562.98528
562.100932
562.100175
562.100607
562.23193
562.10083
562.2289
562.9942
562.98708
562.100684
562.99111
562.100845
562.23359
562.99831
562.22737
562.97472
562.23467
562.57317
562.96581
562.23146
562.100332
562.57202
562.98792
562.99279
562.9729
562.96647
562.97491
562.9728
562.10065
562.2316
562.99169
562.45616
562.23188
562.57389
562.23678
562.100595
562.98902
562.99941
562.23121
562.22688
562.97339
562.100963
562.23349
562.97127
562.23724
562.99075
562.98573
562.23397
562.145053
562.98359
562.96715
562.23902
562.99239
562.22502
562.99988
562.23813
562.100398
562.100006
562.100686
562.98712
562.97346
562.10069
562.23638
562.97807
562.97928
562.144955
562.100734
562.97186
562.22546
562.100001
562.100929
562.22635
562.97458
562.99518
562.99844
562.7669
562.97363
562.23189
562.98096
562.98458
562.96868
562.100107
562.7639
562.96548
562.97773
562.96521
562.100908
562.99423
562.98844
562.100611
562.23389
562.98247
562.23483
562.145059
562.99229
562.97093
562.98755
562.99394
562.57212
562.100219
562.98824
562.99952
562.100921
562.145052
562.22937
562.98661
562.23346
562.97809
562.98923
562.98546
562.96526
562.9971
562.100045
562.100316
562.99553
562.45662
562.97384
562.99736
562.97189
562.98146
562.99526
562.100666
562.98504
562.22898
562.98268
562.145056
562.98857
562.23811
562.23009
562.99584
562.99154
562.98524
562.9673
562.7566
562.98293
562.23687
562.97393
562.100333
562.23437
562.22759
562.7617
562.99961
562.100314
562.23204
562.5879
562.57192
562.99562
562.99665
562.97395
562.23238
562.100792
562.100294
562.100032
562.23129
562.45597
562.978
562.100002
562.97435
562.99259
562.97899
562.99558
562.100233
562.99036
562.57215
562.22785
562.99074
562.99204
562.7672
562.100707
562.97006
562.22496
562.96735
562.98913
562.96638
562.57312
562.99021
562.96603
562.98367
562.97371
562.57425
562.98428
562.758
562.99033
562.9891
562.22782
562.100866
562.23634
562.97434
562.98916
562.23006
562.99632
562.97199
562.97977
562.23925
562.98369
562.22838
562.57106
562.100429
562.42698
562.23123
562.100408
562.236
562.22499
562.98843
562.23161
562.23522
562.23033
562.23329
562.7771
562.7629
562.96724
562.97423
562.22781
562.98292
562.23597
562.23307
562.57158
562.98356
562.144951
562.23405
562.99801
562.45668
562.99412
562.23746
562.97013
562.99854
562.22468
562.97417
562.23216
562.98995
562.99357
562.22843
562.100525
562.42716
562.2295
562.98473
562.99291
562.23635
562.2288
562.100238
562.58728
562.9939
562.99586
562.23859
562.99927
562.96633
562.22638
562.45642
562.97364
562.98822
562.57224
562.14084
562.98959
562.98954
562.96588
562.10011
562.97414
562.99869
562.98633
562.23269
562.23858
562.100448