562.5751
562.22743
562.97808
562.23602
562.23505
562.23457
562.23734
562.114672
562.57406
562.73374
562.99751
562.57485
562.57107
562.100347
562.99795
562.99642
562.23306
562.23365
562.57199
562.57456
562.98305
562.57441
562.22813
562.57386
562.5743
562.100311
562.23428
562.57256
562.57484
562.23356
562.97793
562.22479
562.57429
562.99501
562.57433
562.23585
562.23273
562.23404
562.57434
562.100385
562.100526
562.99085
562.100504
562.99383
562.57366
562.23894
562.99434
562.57275
562.73398
562.23906
562.97769
562.100009
562.28131
562.23385
562.5738
562.57503
562.100569
562.57477
562.22717
562.97756
562.115073
562.2341
562.22535
562.98931
562.57425
562.98451
562.57402
562.57413
562.57266
562.12962
562.98978
562.22618
562.99978
562.100183
562.232
562.2385
562.97846
562.57372
562.22984
562.73368
562.57435
562.22457
562.57277
562.99913
562.22428
562.5877
562.23311
562.227
562.98618
562.23487
562.57421
562.23416
562.100547
562.23769
562.9946
562.23226
562.57475
562.23046
562.23229
562.57183
562.100218
562.57271
562.22543
562.23911
562.57437
562.23413
562.57417
562.73378
562.23895
562.57458
562.57184
562.57449
562.99558
562.57399
562.57454
562.23286
562.57238
562.57129
562.98832
562.99723
562.23195
562.23893
562.57409
562.57408
562.99727
562.100549
562.98379
562.57293
562.73349
562.23508
562.4276
562.98549
562.23788
562.57394
562.57504
562.57407
562.57438
562.57391
562.57221
562.22793
562.57377
562.100143
562.57468
562.57179
562.22518
562.57208
562.23814
562.22857
562.57442
562.57398
562.57483
562.99525
562.23287
562.73385
562.7336
562.100421
562.23719
562.5709
562.100059
562.57445
562.10051
562.23523
562.23397
562.99968
562.23593
562.5739
562.99753
562.57082
562.100404
562.73359
562.23643
562.23263
562.57296
562.22708
562.57404
562.73353
562.57104
562.57499
562.22822
562.23661
562.57488
562.57496
562.5725
562.57284
562.57262
562.23494
562.23558
562.23461
562.57455
562.98807
562.100358
562.23488
562.57461
562.100374
562.98845
562.99931
562.57497
562.99463
562.57375
562.23608
562.5728
562.23395
562.23376
562.73386
562.23804
562.23928
562.57295
562.23403
562.57197
562.99839
562.2268
562.5745
562.99707
562.23433
562.57415
562.22491
562.73365
562.23172
562.23375
562.57219
562.57379
562.57426
562.57412
562.23317
562.23594
562.99457
562.998
562.23028
562.98165
562.23048
562.100544
562.57215
562.99958
562.57389
562.9961
562.98401
562.575
562.23458
562.57467
562.57428
562.57416
562.5749
562.23338
562.57322
562.57235
562.57279
562.98311
562.23451
562.100018
562.57323
562.57365
562.57431
562.57081
562.57432
562.23314
562.57495
562.10016
562.57282
562.100263
562.99504
562.57166
562.22933
562.9914
562.231
562.57187
562.73387
562.23743
562.57096
562.58773
562.57419
562.99492
562.57493
562.100427
562.22768
562.57196
562.98682
562.57229
562.23501
562.57489
562.57288
562.98717
562.100305
562.57473
562.57439
562.57248
562.57401
562.23571
562.99743
562.57368
562.23927
562.22582
562.99793
562.57384
562.992
562.22572
562.5708
562.57494
562.22915
562.100109
562.57268
562.23197
562.23396
562.57447
562.73366
562.73377
562.100116
562.23615
562.99701
562.57422
562.9792
562.228
562.97775
562.98817
562.2286
562.57079
562.99004
562.23537
562.23391
562.57463
562.99343
562.100061
562.22891
562.9983
562.57506
562.23783
562.2354
562.23913
562.23899
562.57478
562.2333
562.57411
562.22869
562.100497
562.99875
562.238
562.57286
562.22811
562.57374
562.22885
562.57201
562.2339
562.5727
562.98362
562.99435
562.100468
562.99048
562.23914
562.23569
562.100592
562.99729
562.22643
562.57252
562.2361
562.100555
562.99171
562.22432
562.99842
562.23435
562.22611
562.22521
562.99754
562.57457
562.22787
562.23862
562.23464
562.57085
562.57396
562.99976
562.22501
562.23794
562.99271
562.22677
562.99948
562.98805
562.100562
562.57471
562.99945
562.574
562.57257
562.23507
562.23369
562.23293
562.23869
562.57393
562.98483
562.2287
562.99714
562.23399
562.57466
562.57487
562.98302
562.57264
562.98511
562.57254
562.57367
562.100601
562.57234
562.23076
562.98598
562.22586
562.99744
562.57278
562.22529
562.23874
562.23601
562.99127
562.57387
562.57281
562.99762
562.23011
562.100335
562.57462
562.98857
562.73356
562.99272
562.57133
562.57087
562.57291
562.237
562.22588
562.57205
562.22536
562.99721
562.5729
562.99946
562.57119
562.23595
562.57261
562.10061
562.57259
562.98278
562.9976
562.23181
562.98893
562.99632
562.23684
562.57124
562.23272
562.23387
562.57508
562.57321
562.23792
562.30349
562.23377
562.23892
562.97877
562.57285
562.22478
562.58791
562.22854
562.7339
562.57218
562.57303
562.22821
562.22481
562.57292
562.98372
562.23727
562.57298
562.100114
562.23737
562.73363
562.98892
562.57294
562.98697
562.98861
562.2364
562.100331
562.28132
562.22989
562.57077
562.99258
562.22537
562.22797
562.98235
562.23821
562.23839
562.22678
562.57446
562.57472
562.57088
562.23023
562.57159
562.57491
562.57474
562.100208
562.57253
562.57383
562.100023
562.99084
562.23373
562.57178
562.22539
562.23294
562.22596
562.23499
562.57364
562.57287
562.22764
562.10005
562.23689
562.57247
562.57414
562.23398
562.23646
562.100119
562.57192
562.99631
562.22667
562.23818
562.23284
562.57131
562.57486
562.57376
562.5747
562.23156
562.23145
562.57258
562.57137
562.99871
562.100554
562.58775
562.57076
562.22635
562.57395
562.22592
562.98395
562.99766
562.23629
562.23288
562.57267
562.57083
562.57464
562.99474
562.5742
562.23326
562.7337
562.57465
562.23131
562.22847
562.99849
562.57371
562.22882
562.57306
562.99862
562.23392
562.99681
562.5737
562.100209
562.57492
562.73376
562.57378
562.23337
562.22661
562.57418
562.97927
562.57274
562.23189
562.23679
562.57091
562.57078
562.5741
562.23351
562.98194
562.2309
562.57444
562.23295
562.23909
562.2256
562.98407
562.12961
562.23884
562.99122
562.57265
562.2362
562.57505
562.2319
562.5712
562.57448
562.9847
562.99693
562.23522
562.22562
562.99605
562.99724
562.2358
562.100192
562.57451
562.57481
562.23237
562.22488
562.23194
562.57459
562.10013
562.99692
562.57382
562.22595
562.58779
562.57482
562.100361
562.100405
562.57086
562.57089
562.22655
562.23664
562.22909
562.57403
562.57498
562.57423
562.9997
562.57249
562.57369
562.23659
562.23572
562.23566
562.99433
562.73381
562.57373
562.99451
562.57276
562.57263
562.97779
562.23305
562.23816
562.57241
562.57452
562.57273
562.23574
562.23045
562.99126
562.100375
562.23454
562.22696
562.22669
562.98796
562.57283
562.100196
562.57476
562.57392
562.23212
562.57385
562.99037
562.100449
562.57436
562.57084
562.98932
562.22754
562.57255
562.73372
562.57507
562.57363
562.57479
562.73379
562.99436
562.23622
562.73382
562.5744
562.57397
562.57181
562.23113
562.978
562.57095
562.23907
562.2386
562.57094
562.99882
562.57469
562.98561
562.57289
562.22783
562.57443
562.97802
562.57509
562.23463
562.23655
562.5722
562.99597
562.99263
562.2263
562.100475
562.100205
562.99633
562.5713
562.57427
562.57424
562.57501
562.100044
562.98344
562.22443
562.98537
562.98743
562.23144
562.114673
562.23653
562.23535
562.5726
562.57502
562.23623
562.23858
562.23205
562.99306
562.57225
562.22503
562.9862
562.100278
562.22941
562.22547
562.57168
562.5748
562.57388
562.100565
562.57453
562.99834
562.57405
562.2347
562.22541
562.57381
562.23047
562.5746
562.98664
562.22569
562.22733
562.98378
562.97843
562.9998
562.23562
562.97964
562.23034
562.23386
562.73397
562.100521
562.98687
562.99096
562.100032
562.99909
562.99936
562.58778
562.98748
562.100378
562.23609
562.99098
562.57177
562.98958
562.23526
562.98918
562.99884
562.57147
562.22875
562.23116
562.57309
562.98222
562.98617
562.100245
562.23586
562.100197
562.98652
562.22971
562.98924
562.100255
562.98507
562.99052
562.100098
562.99675
562.99627
562.23106
562.99507
562.993
562.10054
562.23089
562.100299
562.99094
562.23697
562.2307
562.22649
562.9895
562.22897
562.100248
562.23691
562.99013
562.23285
562.100321
562.98678
562.23667
562.99165
562.22812
562.99812
562.22998
562.23019
562.23592
562.99831
562.99168
562.23703
562.98499
562.98989
562.23128
562.98477
562.98762
562.23852
562.99715
562.100014
562.23429
562.99779
562.100435
562.22761
562.99987
562.2383
562.22597
562.2318
562.100204
562.98959
562.23596
562.97908
562.98819
562.99397
562.98279
562.73364
562.57223
562.98433
562.100024
562.9911
562.23657
562.97833
562.9829
562.22565
562.23234
562.23833
562.99352
562.23827
562.2269
562.9871
562.23806
562.100201
562.98478
562.98611
562.2376
562.97814
562.23477
562.98087
562.98952
562.23064
562.9963
562.99327
562.22512
562.100179
562.99114
562.99625
562.22819
562.100371
562.22938
562.100269
562.98786
562.98092
562.98673
562.2247
562.22444
562.22816
562.100307
562.97755
562.73348
562.23261
562.99231
562.100185
562.23136
562.23163
562.100532
562.98249
562.98769
562.100108
562.99304
562.23648
562.99358
562.98913
562.98409
562.98936
562.23736
562.23765
562.23108
562.22714
562.22689
562.22464
562.2249
562.98503
562.22594
562.98802
562.23514
562.98124
562.23905
562.99253
562.98403
562.98963
562.97753
562.98391
562.100493
562.100275
562.98415
562.98258
562.98661
562.23656
562.99201
562.99906
562.98462
562.98447
562.98649
562.98082
562.23567
562.97834
562.9896
562.23102
562.99969
562.2299
562.22665
562.98159
562.9921
562.99407
562.9833
562.99825
562.100391
562.23036
562.986
562.100386
562.98246
562.100184
562.2343
562.98172
562.99143
562.99805
562.98905
562.22704
562.100406
562.98684
562.97929
562.23591
562.99562
562.99025
562.57216
562.9922
562.9932
562.98245
562.23334
562.99514
562.22773
562.2348
562.23335
562.23165
562.99944
562.9888
562.97832
562.9958
562.23532
562.100055
562.9838
562.100357
562.23503
562.2302
562.100577
562.23556
562.23353
562.99901
562.9981
562.99212
562.100244
562.99518
562.22983
562.1001
562.98583
562.98655
562.98397
562.22899
562.99977
562.22726
562.23104
562.57128
562.99912
562.23763
562.98643
562.100293
562.23302
562.22685
562.23469
562.23506
562.100415
562.99118
562.23059
562.22666
562.100393
562.23201
562.22695
562.99087
562.23714
562.9867
562.9969
562.99023
562.99964
562.23795
562.100104
562.98946
562.98739
562.98431
562.100598
562.98725
562.98187
562.22624
562.10024
562.99722
562.100436
562.23162
562.100477
562.9841
562.23745
562.22878
562.99564
562.99078
562.97884
562.99636
562.99892
562.99268
562.99593
562.99569
562.22664
562.100259
562.97827
562.97752
562.100144
562.99274
562.99914
562.22842
562.2321
562.99151
562.99187
562.98195
562.22482
562.99542
562.22923
562.98093
562.57325
562.99918
562.99477
562.98123
562.9857
562.100262
562.100058
562.99943
562.100529
562.98555
562.23716
562.98777
562.98371
562.23218
562.97845
562.2328
562.98319
562.22718
562.99372
562.99614
562.99646
562.23573
562.9975
562.22727
562.23001
562.23211
562.23242
562.98997
562.22838
562.984
562.22951
562.98118
562.57113
562.23692
562.99265
562.58774
562.98577
562.99557
562.98911
562.98667
562.10052
562.23418
562.22781
562.98384
562.99423
562.97885
562.99648
562.99748
562.23533
562.98522
562.99916
562.98301
562.97968
562.2282
562.2324
562.98732
562.23917
562.99363
562.9845
562.22533
562.23193
562.23497
562.99781
562.100431
562.98174
562.22879
562.22796
562.23227
562.23245
562.98621
562.98939
562.99097
562.99262
562.99001
562.98443
562.23354
562.98531
562.23811
562.100438
562.99588
562.2337
562.100567
562.99972
562.22587
562.98525
562.22651
562.98347
562.98756
562.100028
562.98619
562.100344
562.73352
562.23639
562.98951
562.22571
562.99162
562.100425
562.9915
562.23919
562.23367
562.22752
562.100088
562.99956
562.23926
562.22925
562.23057
562.99024
562.2252
562.22861
562.23355
562.99915
562.99299
562.100593
562.100015
562.22552
562.98179
562.99561
562.23251
562.9939
562.23401
562.97881
562.98875
562.23636
562.23031
562.97847
562.98263
562.98494
562.100279
562.98556
562.22606
562.98122
562.22638
562.23214
562.57213
562.100419
562.99424
562.99537
562.23005
562.97872
562.99223
562.98366
562.100258
562.97907
562.100189
562.98288
562.22987
562.99349
562.97754
562.22563
562.98349
562.23881
562.23066
562.571
562.23362
562.22712
562.9968
562.22524
562.99251
562.22939
562.22715
562.98784
562.98317
562.100257
562.5724
562.100546
562.99284
562.23651
562.2278
562.99836
562.23579
562.98943
562.100512
562.100448
562.100128
562.1005
562.99346
562.9918
562.99342
562.23871
562.98551
562.22683
562.99206
562.23731
562.22827
562.57144
562.23721
562.23267
562.100138
562.100461
562.2366
562.22429
562.22886
562.97903
562.98823
562.100472
562.98146
562.23309
562.23509
562.100127
562.99275
562.23924
562.98705
562.98144
562.100514
562.23096
562.99353
562.99777
562.22876
562.22888
562.98754
562.100214
562.97764
562.98915
562.100252
562.23812
562.98528
562.10047
562.23148
562.23304
562.22782
562.100487
562.23333
562.99921
562.22845
562.23673
562.97867
562.98674
562.9943
562.23498
562.98737
562.98787
562.100241
562.22784
562.100297
562.9913
562.2289
562.23402
562.99626
562.23158
562.99226
562.98791
562.98602
562.99485
562.23933
562.22612
562.100409
562.226
562.9868
562.99406
562.23849
562.23815
562.99063
562.22605
562.97839
562.9784
562.2379
562.97837
562.9826
562.100483
562.98971
562.9877
562.23062
562.99213
562.100571
562.23281
562.99891
562.98663
562.23527
562.97821
562.98693
562.99601
562.99121
562.100071
562.98633
562.57132
562.98872
562.98267
562.23824
562.23024
562.22804
562.98571
562.979
562.22873
562.2388
562.5714
562.99622
562.100174
562.9993
562.98473
562.99124
562.98996
562.22462
562.23456
562.23346
562.98722
562.97829
562.22679
562.23908
562.9967
562.99079
562.22508
562.100155
562.99767
562.23381
562.99279
562.9854
562.98133
562.99411
562.22601
562.99635
562.99356
562.22492
562.9948
562.100239
562.23352
562.23878
562.22866
562.99815
562.23254
562.23901
562.9856
562.98283
562.99421
562.97844
562.99932
562.22872
562.23551
562.99307
562.9775
562.22778
562.99385
562.2336
562.23925
562.99332
562.99647
562.98269
562.97883
562.98917
562.23058
562.99473
562.100319
562.99773
562.98726
562.99058
562.10023
562.100365
562.9988
562.981
562.23739
562.9815
562.10043
562.97765
562.99038
562.23325
562.98099
562.22505
562.98476
562.22976
562.98471
562.100152
562.98759
562.97789
562.98979
562.98933
562.99203
562.99384
562.9936
562.9945
562.23868
562.99207
562.23872
562.99234
562.99069
562.98277
562.100314
562.23339
562.9855
562.23778
562.22765
562.98127
562.98423
562.98567
562.100414
562.98799
562.98101
562.100515
562.99967
562.99937
562.99679
562.100304
562.22912
562.22942
562.57191
562.23935
562.99619
562.99941
562.10003
562.23819
562.97857
562.98848
562.22639
562.99539
562.23791
562.100576
562.99447
562.1
562.99869
562.99737
562.98111
562.99661