562.5872
562.99764
562.140885
562.29007
562.23653
562.23804
562.22657
562.98796
562.42751
562.99727
562.57229
562.42758
562.57456
562.99126
562.99206
562.98483
562.97427
562.14083
562.140866
562.99946
562.22601
562.23028
562.97245
562.99343
562.140867
562.98117
562.23724
562.56787
562.58733
562.42693
562.57399
562.97395
562.22626
562.96494
562.100526
562.23737
562.45609
562.42858
562.140861
562.7336
562.45621
562.135563
562.57282
562.97415
562.96648
562.4585
562.135592
562.22539
562.73378
562.96655
562.57419
562.99939
562.97058
562.99931
562.96832
562.42801
562.96727
562.100018
562.23403
562.45623
562.140836
562.7572
562.96561
562.99714
562.99332
562.58643
562.97052
562.100361
562.99904
562.23782
562.3145
562.56771
562.100772
562.57453
562.42831
562.96899
562.10054
562.23682
562.42699
562.100358
562.140833
562.56776
562.22754
562.45396
562.22761
562.98348
562.42819
562.57412
562.42849
562.100278
562.50239
562.50271
562.96519
562.58705
562.42767
562.96983
562.22854
562.97286
562.9675
562.2244
562.42686
562.23539
562.42694
562.57273
562.42647
562.100083
562.100442
562.58703
562.22765
562.100679
562.56843
562.57436
562.23788
562.96657
562.97057
562.23923
562.58719
562.57286
562.100495
562.2262
562.57275
562.96462
562.42788
562.73372
562.45404
562.100354
562.22879
562.58769
562.57406
562.45624
562.96527
562.97284
562.23413
562.99068
562.22465
562.98165
562.57475
562.42736
562.96513
562.22488
562.42653
562.97162
562.9721
562.57458
562.58731
562.9656
562.115103
562.23571
562.57428
562.23305
562.34088
562.57396
562.9925
562.23396
562.16327
562.100871
562.97475
562.57498
562.98244
562.97231
562.96895
562.58631
562.100757
562.97228
562.96981
562.98794
562.73364
562.100445
562.4283
562.99037
562.144925
562.56766
562.144913
562.45617
562.57256
562.57461
562.99579
562.135583
562.97093
562.97067
562.100206
562.96713
562.96939
562.23457
562.98235
562.42829
562.140895
562.57487
562.56794
562.99492
562.57266
562.100714
562.22426
562.56906
562.73381
562.5871
562.50231
562.58651
562.23095
562.97497
562.13558
562.96515
562.1409
562.56802
562.57472
562.42739
562.23593
562.97169
562.73363
562.2353
562.97253
562.98845
562.42861
562.5676
562.23317
562.42784
562.58716
562.42869
562.28845
562.57395
562.57486
562.97293
562.73398
562.22582
562.99474
562.65786
562.96933
562.140907
562.98932
562.9646
562.97
562.140876
562.98743
562.96898
562.37112
562.50244
562.112425
562.232
562.135594
562.23229
562.59218
562.50251
562.97931
562.766
562.96994
562.45607
562.100632
562.73368
562.96936
562.73377
562.98147
562.100394
562.42662
562.96855
562.100713
562.22997
562.57462
562.97306
562.100123
562.97434
562.22478
562.4285
562.73355
562.50245
562.57295
562.22457
562.42725
562.96493
562.57497
562.57166
562.57394
562.9729
562.96429
562.97492
562.96516
562.99135
562.23307
562.22694
562.135567
562.96665
562.140874
562.100512
562.99646
562.22806
562.99169
562.57387
562.140852
562.100082
562.4271
562.58748
562.144932
562.22783
562.99801
562.140871
562.9663
562.42771
562.97463
562.23191
562.23895
562.42683
562.96995
562.22518
562.42805
562.98961
562.56807
562.99976
562.99993
562.96795
562.23159
562.45661
562.42762
562.45613
562.97316
562.22429
562.99948
562.5024
562.4266
562.97489
562.96753
562.97422
562.97332
562.96706
562.28839
562.98521
562.57184
562.42649
562.42643
562.99469
562.144927
562.97291
562.5684
562.96645
562.45642
562.98839
562.23321
562.23369
562.58772
562.50247
562.9648
562.100653
562.57452
562.22583
562.31452
562.96658
562.23532
562.100084
562.96444
562.100192
562.99938
562.100475
562.58739
562.100734
562.140914
562.57409
562.33281
562.23167
562.23494
562.97341
562.3146
562.96903
562.22499
562.5922
562.42768
562.22933
562.97054
562.140906
562.97514
562.23505
562.28131
562.45673
562.9651
562.23356
562.42806
562.57248
562.7693
562.28132
562.98222
562.42665
562.42737
562.96993
562.135593
562.23734
562.23594
562.22595
562.145372
562.99504
562.56855
562.99637
562.42821
562.16324
562.96521
562.13559
562.100476
562.9978
562.96856
562.97164
562.96937
562.144936
562.100643
562.9727
562.98324
562.23462
562.100352
562.99559
562.100061
562.57114
562.231
562.97298
562.99156
562.100305
562.23284
562.99171
562.99345
562.140842
562.100119
562.98311
562.97391
562.42657
562.57502
562.100856
562.97254
562.96533
562.2386
562.23384
562.42685
562.57397
562.96514
562.23194
562.45625
562.57509
562.100401
562.42792
562.58728
562.22927
562.96553
562.73397
562.28566
562.100262
562.140894
562.96557
562.1008
562.98782
562.98219
562.98574
562.99501
562.22491
562.97244
562.7337
562.100719
562.96735
562.65782
562.23874
562.96953
562.22767
562.57479
562.42789
562.100752
562.42697
562.23272
562.100147
562.4265
562.57492
562.140859
562.42678
562.996
562.2364
562.42669
562.100264
562.98727
562.50243
562.9914
562.100661
562.29008
562.57484
562.45847
562.23633
562.23769
562.9983
562.22455
562.42735
562.96679
562.23499
562.57281
562.4264
562.23398
562.9724
562.42839
562.57485
562.100375
562.50237
562.42641
562.58773
562.23727
562.140841
562.140905
562.96638
562.98542
562.58709
562.23822
562.42852
562.96459
562.9856
562.42702
562.97465
562.97983
562.42853
562.42834
562.45589
562.57078
1438686.3
562.99127
562.140824
562.57501
562.100889
562.98104
1438684.3
562.97486
562.10068
562.14084
562.111035
562.96985
562.45399
562.96781
562.22442
562.5737
562.45614
562.42675
562.98598
562.96746
562.98674
562.45634
562.99856
562.135571
562.45629
562.22503
562.23171
562.97333
562.140886
562.23553
562.96616
562.9734
562.73383
562.23311
562.5748
562.50228
562.57388
562.100395
562.97073
562.140847
562.96784
562.2265
562.22479
562.96664
562.96741
562.101974
562.50261
562.22655
562.140889
562.42814
562.22685
562.9723
562.96597
562.50223
562.50284
562.23894
562.96767
562.58721
562.575
562.97259
562.57252
562.456
562.96631
562.140864
562.57465
562.73396
562.42872
562.10088
562.73349
562.140845
562.97846
562.57365
562.97494
562.96726
562.45675
562.96418
562.99839
562.97226
562.45615
562.57488
562.7775
562.45599
562.2348
562.45669
562.45602
562.10042
562.9726
562.9972
562.42687
562.22672
562.96982
562.96614
562.100362
562.42671
562.42764
562.100788
562.57085
562.17721
562.50249
562.2277
562.97247
562.96426
562.59224
562.97322
562.96598
562.45591
562.2358
562.17621
562.100665
562.45593
562.97392
562.42672
562.45658
562.2314
562.100793
562.99998
562.23783
562.97342
562.98717
562.140902
562.14507
562.22496
562.5747
562.42747
562.100882
562.42807
562.42651
562.9659
562.96695
562.5685
562.96457
562.45603
562.97235
562.96791
562.2333
562.59223
562.9968
562.22647
562.97477
562.42638
562.45398
562.96633
562.45616
562.65785
562.96436
562.42783
562.45851
1328433.3
562.42727
562.100427
562.50277
562.42813
562.99862
562.100917
562.96554
562.9735
562.42635
562.100622
562.22471
562.97077
562.97062
562.57294
562.23261
1328434.3
562.140856
562.99818
562.9743
562.22611
562.23098
562.97479
562.96671
562.45628
562.9868
562.23428
562.100614
562.96555
562.100729
562.58726
562.65791
562.98372
562.99108
562.96545
562.96442
562.100151
562.97241
562.96938
562.503
562.96489
562.135565
562.96851
562.96485
562.23359
562.23306
562.239
562.97273
562.96992
562.56764
562.23199
562.23646
562.96424
562.100344
562.23357
562.23096
562.23399
562.96632
562.96546
562.99715
562.99435
562.57451
562.2256
562.22813
562.97078
562.144926
562.50276
562.42782
562.97349
562.9732
562.96615
562.99383
562.96709
562.97357
562.144935
562.22746
562.97394
562.97506
562.57446
562.140879
562.99525
562.97059
562.45647
562.140854
562.96759
562.42864
562.97504
562.50262
562.57276
562.100666
562.99842
562.42774
562.96997
562.57496
562.2361
562.96419
562.45636
562.140869
562.97507
562.96659
562.97318
562.4281
562.96705
562.42745
562.2884
562.140865
562.97168
562.98511
562.9876
562.1296
562.99702
562.57495
562.100742
562.96666
562.23888
562.58727
562.23375
562.57178
562.96596
562.42804
562.45632
562.966
562.96656
562.42841
562.50291
562.97418
562.23461
562.45397
562.42711
562.42837
562.31449
562.99088
562.42706
562.2268
562.73367
562.140846
562.140872
562.57417
562.56782
562.14088
562.100488
562.73373
562.99129
562.42667
562.57449
562.99866
562.22596
562.58761
562.23488
562.9694
562.23391
562.100898
562.22847
562.96492
562.42714
562.45401
562.140881
562.42797
562.100829
562.96959
562.97217
562.23862
562.99795
562.42761
562.99242
562.22531
562.42786
562.98773
562.140839
562.96696
562.96952
562.57403
562.50305
562.4282
562.73356
562.96677
562.140892
562.99834
562.96958
562.100747
562.96744
562.57375
562.96562
562.42855
562.9749
562.58725
562.97274
562.23566
562.100467
562.96907
562.100837
562.99859
562.23558
562.96612
562.23273
562.98575
562.57091
562.96509
562.42648
562.57088
562.57457
562.99754
562.14087
562.42791
562.96602
562.9932
562.97004
562.22483
562.96745
562.23351
562.96654
562.23911
562.23664
562.140893
562.97498
562.23047
562.42824
562.23231
562.30362
562.17359
562.23226
562.96857
562.96978
562.96484
562.140908
562.100592
562.22794
562.22631
562.100429
562.23259
562.102124
562.10056
562.99183
562.57477
562.50242
562.97429
562.100823
562.100116
562.57445
562.23371
562.99645
562.42755
562.22811
562.9952
562.22543
562.59226
562.98832
562.23486
562.57219
562.22565
562.96909
562.16466
562.97304
562.22787
562.99237
562.23907
562.23781
562.22733
562.96813
562.42726
562.28563
562.140911
562.99601
562.23642
562.50285
562.98525
562.2308
562.100563
562.99132
562.42738
562.99406
562.22721
562.96711
562.96862
562.96453
562.29139
562.23796
562.100331
562.23463
562.96852
562.99746
562.99295
562.97268
562.96975
562.99684
562.98526
562.112391
562.7771
562.37108
562.99681
562.4272
562.99632
562.97355
562.23791
562.100811
562.96508
562.42862
562.227
562.9748
562.7573
562.144917
562.99718
562.2246
562.59221
562.1762
562.98185
562.144937
562.23212
562.22942
562.100583
562.135588
562.140903
562.5725
562.97239
562.96783
562.22469
562.140831
562.22821
562.22434
562.50292
562.100731
562.140828
562.96734
562.99751
562.58638
562.31451
562.99885
562.73374
562.96512
562.23389
562.59228
562.97294
562.45611
562.99962
562.57507
562.45676
562.19632
562.99743
562.4284
562.99686
562.96518
562.98561
562.9733
562.42763
562.56841
562.5741
562.99701
562.97213
562.144924
562.22724
562.97292
562.42729
562.97299
562.96662
562.115105
562.100023
562.100784
562.23066
562.96729
562.13556
562.100554
562.22481
562.96789
562.98634
562.23451
562.58635
562.57504
562.45596
562.100863
562.23868
562.100486
562.96445
562.22551
562.96987
562.56849
562.22677
562.99825
562.14089
562.97309
562.4275
562.96661
562.97361
562.97495
562.22867
562.57368
562.140896
562.42713
562.98376
562.45588
562.45663
562.88799
562.42779
562.57459
562.97053
562.99209
562.42658
562.23365
562.96607
562.2263
562.42873
562.100761
562.98825
562.23548
562.57382
562.96529
562.5744
562.23282
562.96847
562.9666
562.57181
562.7338
562.2347
562.135559
562.57491
562.98405
562.97222
562.65787
562.45653
562.22843
562.967
562.42863
562.96906
562.57274
562.23287
562.96663
562.5029
562.57432
562.140877
562.42848
562.28805
562.65788
562.97302
562.23195
562.42828
562.97123
562.22708
562.96737
562.23329
562.42637
562.42843
562.96624
562.57444
562.23508
562.42866
562.42661
562.100418
562.98212
562.42753
562.23765
562.100555
562.9667
562.58729
562.97068
562.99573
562.45594
562.42677
562.100553
562.58722
562.42769
562.100044
562.115106
562.100802
562.96743
562.23248
562.45674
562.140912
562.96544
562.145076
562.58724
562.30349
562.57225
562.10064
562.57464
562.23659
562.42773
562.42749
562.23481
562.100786
562.96974
562.57218
562.6579
562.73365
562.4565
562.97303
562.97271
562.99542
562.100893
562.9678
562.114626
562.57283
562.9676
562.98826
562.97224
562.99631
562.23858
562.100389
562.22768
562.42644
562.73376
562.100686
562.99929
562.19633
562.23478
562.4279
562.65783
562.140826
562.98995
562.96443
562.97174
562.229
562.23141
562.97076
562.23474
562.96738
562.140901
562.115102
562.42833
562.975
562.9671
562.2366
562.9662
562.58766
562.96957
562.57427
562.23574
562.23239
562.2292
562.45631
562.97433
562.58711
562.50256
562.23859
562.42701
562.135561
562.5879
562.73392
562.99228
562.5874
562.57267
562.97072
562.97509
562.23355
562.140884
562.58706
562.97296
562.57447
562.97362
562.23134
562.29003
562.96618
562.9707
562.100532
562.59217
562.96491
562.13557
562.99673
562.23541
562.238
562.100547
562.22622
562.97079
562.57494
562.97331
562.140855
562.96934
562.100926
562.23901
562.100218
562.56769
562.140849
562.5677
562.73353
562.23344
562.45671
562.96699
562.42655
562.98352
562.56845
562.2286
562.98682
562.42719
562.58633
562.144929
562.96517
562.50241
562.100497
562.100205
562.140909
562.111036
562.140825
562.99755
562.50268
562.96674
562.569
562.99742
562.140834
562.22588
562.10081
562.96547
562.56767
562.57076
562.22642
562.99451
562.42787
562.114672
562.50298
562.140883
562.42731
562.140862
562.114632
562.96935
562.23288
562.22541
562.58736
562.100704
562.57159
562.96522
562.97167
562.9997
562.99008
562.97474
562.96673
562.140843
562.145024
562.99375
562.9644
562.96672
562.99644
562.4561
562.22472
562.28844
562.99144
562.97393
562.96549
562.50293
562.22797
562.99841
562.96621
562.14086
562.50264
562.9697
562.96644
562.23615
562.42825
562.140853
562.97276
562.42794
562.97297
562.97238
562.57489
562.99892
562.96787
562.97223
562.23869
562.97236
562.45849
562.97351
562.42823
562.42832
562.100124
562.42812
562.4563
562.22865
562.56893
562.42799
562.140897
562.96617
562.23186
562.100755
562.140857
562.58714
562.57384
562.22501
562.97467
562.115101
562.100014
562.91162
562.100855
562.57493
562.96539
562.99945
562.45395
562.42781
562.57463
562.58626
562.100143
562.57259
562.50234
562.42733
562.28434
562.140919
562.57423
562.23345
562.96619
562.96984
562.97131
562.58641
562.100791
562.5028
562.96931
562.59222
562.57279
562.22527
562.96747
562.23454
562.57393
562.99692
562.100396
562.42827
562.57268
562.96977
562.9698
562.96904
562.14085
562.10036
562.98931
562.50283
562.56904
562.97295
562.1909
562.2288
562.97424
562.97075
562.100565
562.144928
562.96488
562.42698
562.73387
562.97307
562.96639
562.6578
562.45585
562.97135
562.23108
562.973
562.2376
562.99507
562.97824
562.42765
562.22822
562.97335
562.96551
562.45662
562.57265
562.140882
562.100117
562.96901
562.58625
562.50294
562.96594
562.9699
562.23551
562.42766
562.96932
562.22718
562.98807
562.10051
562.50297
562.5025
562.100825
562.100468
562.97258
562.57429
562.10065
562.140918
562.96628
562.57133
562.96897
562.4277
562.9963
562.23645
562.42803
562.23233
562.73379
562.96728
562.140873
562.98087
562.97323
562.45403
562.135591
562.57448
562.73382
562.42868
562.57367
562.58645
562.58737
562.45622
562.135584
562.99048
562.96988
562.19823
562.57183
562.99753
562.42854
562.58627
562.97325
562.45845
562.97329
562.97265
562.96613
562.57471
562.97994
562.96788
562.12962
562.9706
562.23434
562.99633
562.96446
562.57371
562.99271
562.96976
562.140878
562.97096
562.12959
562.65784
562.59229
562.31457
562.98504
562.96432
562.97308
562.97243
562.23458
562.45677
562.9751
562.42634
562.58622
562.140913
562.23899
562.5745
562.428
562.50226
562.96854
562.57378
562.23387
562.98545
562.99272
562.97097
562.56775
562.73369
562.9652
562.97317
562.96739
562.96454
562.57221
562.23794
562.57202
562.4273
562.100164
562.99661
562.22901
562.96754
562.779
562.99414
562.23363
562.98729
562.9898
562.7645
562.96575
562.98622
562.99932
562.7639
562.58777
562.99409
562.23364
562.97484
562.100741
562.23278
562.97272
562.22463
562.98965
562.97041
562.97279
562.98816
562.23929
562.97412
562.57391
562.50238
562.22893
562.96587
562.97908
562.99387
562.100347
562.100599
562.98304
562.10094
562.96684
562.98613
562.96569
562.100013
562.100564
562.99219
562.100839
562.99656
562.99569
562.23622
562.98083
562.97192
562.145064
562.97397
562.98433
562.2326
562.58762
562.23334
562.14504
562.99928
562.100491
562.100307
562.23424
562.100016
562.42796
562.98852
562.23587
562.99956
562.144962
562.100231
562.96465
562.98608
562.22987
562.99117
562.22676
562.97473
562.99057
562.57084
562.57237
562.7709
562.99421
562.98705
562.57167
562.42845
562.22643
562.100365
562.98795
562.22564
562.23209
562.22556
562.145027
562.100474
562.98631
562.99489
562.98029
562.42836
562.97056
562.993
562.9791
562.58648
562.99808
562.99723
562.99175
562.22628
562.96629
562.97367
562.5743
562.23353
562.9949
562.96524
562.23422
562.22799
562.99318
562.100489
562.9943
562.98587
562.99143
562.42871
562.57306
562.9858
562.98306
562.23751
562.100676
562.97409
562.98742
562.57107
562.98817
562.97221
562.22538
1045010.63
562.100288
562.98195
562.234
562.97491
562.100275
562.23185
562.100472
562.98681
562.99172
562.23797
562.100247
562.22814
562.96967
562.58746
562.98985
562.98133
562.22675
562.22759
562.22654
562.98912
562.2254
562.22788
562.2271
562.99249
562.98255
562.100901
562.96571
562.100711
562.98484
562.96736
562.100548
562.23525
562.98241
562.100511
562.145021
562.98196
562.97005
562.97927
562.96881
562.98875
562.99606
562.98423
562.23418
562.100145
562.97476
562.99123
562.97101
562.7631
562.97313
562.58786
562.99937
562.97112
562.99078
562.22841
562.10039
562.57309
562.98907
562.145047
562.10092
562.96951
562.97812
562.22573
562.96889
562.100785
562.97048
562.100207
562.99685
562.96991
562.2316
562.23922
562.23848
562.23559
562.99354
562.9793
562.99202
562.42732
562.98617
562.57434
562.99974
562.145411
562.144987
562.144976
562.97904
562.22517
562.98432
562.10003
562.23093
562.145437
562.98555
562.7577
562.98034
562.10091
562.98756
562.57121
562.98231
562.97789
562.100528
562.100126
562.9884
562.97907
562.7697
562.5721
562.22584
562.57318
562.2372
562.97909
562.97105
562.100637
562.97827
562.9788
562.7657
562.22836
562.23049
562.100805
562.98572
562.144997
562.50302
562.98418
562.23266
562.99246
562.98718
562.100068
562.98425
562.96505
562.22977
562.98312
562.99248
562.57254
562.100022
562.100004
562.96805
562.99733
562.100131
562.98857
562.100254
562.100732
562.97922
562.100664
562.23575
562.7781
562.9934
562.98292
562.99496
562.9909
562.99252
562.98599
562.23443
562.9967
562.9897
562.100685
562.97778
562.23123
562.97022
562.9712
562.99284
562.99995
562.57174
562.98158
562.145822
562.9657
562.23087
562.96842
562.97184
562.23684
562.58742
562.98347
562.778
562.22605
562.100053
562.50278
562.100267
562.99159
562.96819
562.23492
562.23414
562.7648
562.99031
562.23695
562.98175
562.100461
562.98492
562.144978
562.34086
562.9689
562.98093
562.100166
562.98569
562.23156
562.99166
562.96622
562.23027
562.99819
562.100874
562.99459
562.97402
562.99972
562.73358
562.98338
562.144958
562.23201
562.9802
562.22731
562.2379
562.100493
562.145396
562.22735
562.98909
562.97754
562.100919
562.23634
562.98636
562.100281
562.97853
562.99291
562.100073
562.22695
562.57311
562.99314
562.773
562.96625
562.99503
562.99561
562.98464
562.57208
562.99566
562.96943
562.100239
562.45853
562.96431
562.23651
562.100693
562.57186
562.23669
562.59225
562.23227
562.100551
562.2322
562.23234
562.97895
562.145412
562.96469
562.99323
562.97457
562.7791
562.22648
562.96757
562.100525
562.9953
562.97352
562.9826
562.23135
562.7731
562.98142
562.23479
562.98192
562.98849
562.96536
562.9966
562.99968
562.100033
562.99047
562.23852
562.9857
562.99513
562.22954
562.100728
562.100619
562.99116
562.96941
562.42851
562.2257
562.97831
562.14503
562.97866
562.97256
562.98296
562.97007
562.100865
562.96578
562.23354
562.96816
562.31464
562.96595
562.22779
562.99803
562.22748
562.98474
562.23763
562.98033
562.97951
562.100638
562.22919
562.99379
562.98733
562.57258
562.98014
562.5726
562.100462
562.99445
562.99089
562.7788
1045010.62
562.98148
562.100221
562.57165
562.9776
562.97403
562.98329
562.23331
562.23698
562.22738
562.99326
562.98429
562.22801
562.42844
562.99125
562.99082
562.7786
562.10086
562.100111
562.99518
562.9839
562.9973
562.99876
562.23447
562.99148
562.23544
562.45633
562.10078
562.145019
562.23715
562.99317
562.97314
562.98434
562.99427
562.1003
562.144959
562.98121
562.100625
562.99791
562.7629
562.57136
562.99385
562.98537
562.96876
562.99906
562.100238
562.96818
562.96576
562.23845
562.98387
562.144944
562.97872
562.2377
562.22567
562.986
562.10045
562.23785
562.98256
562.100242
562.144975
562.100215
562.23681
562.98748
562.98541
562.98499
562.100657
562.98013
562.99298
562.99596
562.10007
562.22826
562.23472
562.100577
562.23807
562.100603
562.23677
562.23249
562.9905
562.9703
562.97986
562.98507
562.23726
562.100062
562.145386
562.2299
562.14502
562.57303
562.23017
562.57454
562.100379
562.96468
562.96948
562.97024
562.7578
562.96817
562.22842
562.100649
562.97819
562.1009
562.96473
562.99991
562.23738
562.99448
562.97404
562.97802
562.58781
562.7701
562.100736
562.99161
562.22906
562.23863
562.57127
562.99452
562.22598
562.2354
562.23789
562.99231
562.7618
562.97423
562.100763
562.10069
562.144984
562.99713
562.45638
562.145079
562.96761
562.23148
562.98993
562.983
562.97148
562.112424
562.99728
562.99268
562.100087
562.98283
562.97023
562.100054
562.100384
562.100349
562.23735
562.96478
562.144991
562.96798
562.99316
562.99301
562.98284
562.99472
562.96532
562.96563
562.7683
562.98424
562.99583
562.57081
562.100545
562.96463
562.97017
562.23598
562.22994
562.23803
562.98805
562.97995
562.98016
562.98095
562.100295
562.96831
562.50254
562.100594
562.22671
562.22508
562.99233
562.23019
562.22776
562.98375
562.23536
562.98651
562.97801
562.98299
562.9894
562.98276
562.99712
562.10025
562.22995
562.145029
562.99797
562.99663
562.99165
562.23188
562.22615
562.99495
562.98277
562.145012
562.99973
562.23882
562.97756
562.23166
562.98924
562.23137
562.7742
562.57376
562.144999
562.98648
562.99576
562.96497
562.97837
562.9836
562.9982
562.98578
562.998
562.23219
562.97018
562.99894
562.100534
562.57304
562.97187
562.99874
562.98039
562.99297
562.23908
562.769
562.98547
562.97795
562.100032
562.23054
562.97751
562.57416
562.100777
562.98819
562.99075
562.96689
562.7706
562.98579
562.100091
562.9928
562.99747
562.22941
562.99155
562.100615
562.22964
562.22515
562.22858
562.99254
562.2346
562.58767
562.23339
562.145433
562.9918
562.22969
562.97817
562.7628
562.99181
562.7655
562.98844
562.100095
562.99853
562.57331
562.98402
562.23145
562.99581
562.100602
562.100641
562.97928
562.7755
562.100165
562.23823
562.22487
562.99319
562.57246
562.9888
562.98955
562.9917
562.22898
562.22816
562.9851
562.22732
562.97146
562.22497
562.57401
562.98057
562.100586
562.100024
562.97118
562.97262
562.98513
562.1007
562.23088
562.23872
562.57255
562.57383
562.22866
562.22653
562.574
562.9908
562.96541
562.100608
562.58741
562.98463
562.2283
562.22618
562.10019
562.100107
562.22428
562.10073
562.23128
562.98941
562.98458
562.98446
562.23121
562.96801
562.97327
562.23198
562.10002
562.23654
562.100176
562.23358
562.115104
562.99758
562.98094
562.99052
562.98929
562.98661
562.23119
562.58782
562.9907
562.98787
562.96921
562.98568
562.98898
562.22459
562.42846
562.5724
562.98431
562.10011
562.22557
562.98779
562.98734
562.22863
562.99177
562.100372
562.98216
562.97115
562.97806
562.23336
562.96452
562.97104
562.96449
562.97934
562.97047
562.98188
562.97917
562.100208
562.145416
562.144968
562.10023
562.23709
562.100937
562.9682
562.98972
562.98732
562.98667
562.23361
562.99011
562.97946
562.97821
562.96928
562.96577
562.4269
562.100508
562.96451
562.98161
562.145817
562.99425
562.97088
562.100862
562.100249
562.100245
562.100642
562.98846
562.42752
562.100198
562.100035
562.98735
562.99487
562.99984
562.98017
562.7721
562.22674
562.100093
562.9692
562.22587
562.2319
562.98562
562.99023
562.99411
562.100848
562.99121
562.22606
562.9991
562.98704
562.96502
562.23857
562.98471
562.57439
562.23091
562.57112
562.99647
562.23412
562.23092
562.98316
562.98671
562.98152
562.100522
562.58779
562.99741
562.22437
562.99552
562.99479
562.145385
562.73347
562.97462
562.23533
562.97347
562.98151
562.97204
562.23773
562.97152
562.100866
562.98485
562.99813
562.98021
562.99732
562.23431
562.99394
562.22892
562.98364
562.100529
562.57122
562.23546
562.98408
562.98543
562.10089
562.23465
562.98691
562.145077
562.23483
562.100464
562.1454
562.22991
562.23026
562.99397
562.22537
562.22887
562.22502
562.22621
562.99103
562.97974
562.7656
562.99608
562.144945
562.99163
562.22632
562.23296
562.57322
562.100858
562.96698
562.96972
562.7793
562.7713
562.23933
562.100935
562.50288
562.98063
562.22895
562.99022
562.23597
562.98666
562.23036
562.2289
562.99197
562.23812
562.23666
562.58787
562.100956
562.23274
562.22482
562.98583
562.99508
562.22544
562.2247
562.42778
562.98596
562.97215
562.22999
562.9866
562.9861
562.57141
562.100463
562.100225
562.99364
562.97139
562.7726
562.100182
562.23814
562.2311
562.7765
562.22834
562.99214
562.99696
562.23898
562.97763
562.100351
562.5719
562.97345
562.98411
562.100063
562.4562
562.9887
562.98601
562.45649
562.100635
562.98003
562.2253
562.100954
562.22953
562.23374
562.98945
562.98113
562.99657
562.100527
562.98089
562.99582
562.100193
562.22507
562.145403
562.98793
562.23554
562.100557
562.98902
562.23826
562.98597
562.98252
562.22966
562.23482
562.145404
562.98958
562.97133
562.97445
562.57313
562.97916
562.9944
562.4287
562.10027
562.10075
562.98842
562.98678
562.23583
562.23193
562.98254
562.22514
562.96809
562.23708
562.100708
562.2375
562.775
562.228
562.98248
562.22637
562.145023
562.7746
562.99311
562.99493
562.98925
562.23038
562.99848
562.99664
562.98967
562.23295
562.99711
562.100226
562.96477
562.23025
562.23406
562.98723
562.98208
562.99141
562.98551
562.96581
562.97267
562.99358
562.99522
562.23184
562.23099
562.99691
562.9956
562.99416
562.100872
562.144986
562.99688
562.100939
562.10037
562.99832
562.22639
562.100169
562.10001
562.100406
562.58785
562.99783
562.98813
562.99463
562.22835
562.97855
562.99722
562.99198
562.98008
562.98984
562.98546
562.97753
562.99983
562.97252
562.98936
562.99436
562.9891
562.23103
562.98341
562.96955
562.22633
562.10079
562.23749
562.98189
562.99333
562.974
562.99861
562.99293
562.99444
562.97775
562.98693
562.9981
562.42743
562.97183
562.97894
562.99036
562.97354
562.96588
562.96774
562.57308
562.96642
562.96599
562.99697
562.98644
562.144957
562.100274
562.98758
562.98238
562.57245
562.97765
562.99554
562.22848
562.10044
562.98657
562.99386
562.98548
562.97396
562.97852
562.96715
562.2339
562.98697
562.98901
562.22869
562.97828
562.23496
562.100662
562.100265
562.100088
562.97358
562.97779
562.23843
562.22522
562.100631
562.9847
562.100627
562.100709
562.100175
562.22723
562.97932
562.97091
562.97027
562.23875
562.23126
562.98986
562.98491
562.98565
562.22873
562.23268
562.22777
562.23304
562.2304
562.2279
562.57482
562.99994
562.23326
562.97269
562.22638
562.23192
562.99077
562.99408
562.9742
562.98079
562.98439
562.22976
562.96685
562.99912
562.22756
562.97283
562.97157
562.99484
562.22712
562.96627
562.100745
562.98684
562.23213
562.22485
562.22684
562.99511
562.98719
562.99771
562.97202
562.99322
562.98928
562.96848
562.22549
562.109861
562.23165
562.7739
562.99118
562.7663
562.96537
562.9901
562.145383
562.98593
562.22812
562.96636
562.100574
562.97963
562.988
562.2315
562.99607
562.23004
562.23332
562.22857
562.100355
562.22823
562.14538
562.10022
562.100184
562.2249
562.22743
562.97003
562.99395
562.23586
562.23111
562.96748
562.99624
562.145037
562.772
562.100222
562.145026
562.99204
562.98847
562.99622
562.98473
562.98265
562.23102
562.23064
562.96528
562.23578
562.97248
562.100915
562.23328
562.99766
562.98394
562.5864
562.97315
562.23485
562.99245
562.145427
562.23705
562.23817
562.96702
562.2291
562.100513
562.99887
562.23663
562.1005
562.97849
562.97885
562.98401
562.144946
562.100663
562.98091
562.98866
562.100744
562.99921
562.100047
562.99429
562.98315
562.97905
562.97208
562.100201
562.23616
562.98398
562.99477
562.97886
562.23624
562.100306
562.100759
562.45665
562.99807
562.98672
562.9896
562.99665
562.98136
562.97195
562.97865
562.98886
562.7749
562.22845
562.97875
562.98777
562.7627
562.98144
562.98609
562.99942
562.99128
562.97767
562.57151
562.23829
562.145032
562.22692
562.97001
562.99515
562.96574
562.100824
562.99352
562.22559
562.22548
562.7785
562.98075
562.9916
562.100773
562.97132
562.96717
562.100537
562.97977
562.98426
562.98245
562.1001
562.98067
562.57269
562.9673
562.10055
562.99186
562.100235
562.23503
562.22667
562.100178
562.23308
562.97955
562.100902
562.2365
562.100038
562.99312
562.23599
562.100296
562.23208
562.99341
562.5716
562.99433
562.98043
562.99636
562.23672
562.96859
562.23012
562.96811
562.10061
562.99438
562.98848
562.22554
562.9877
562.99953
562.96947
562.23723
562.9842
562.22902
562.100813
562.23276
562.99549
562.22617
562.776
562.100504
562.23158
562.145005
562.96608
562.5023
562.9844
562.96733
562.99683
562.23408
562.22963
562.99872
562.97959
562.22613
562.99833
562.96742
562.100003
562.96869
562.23746
562.59227
562.100953
562.99006
562.98856
562.23107
562.100694
562.144977
562.23033
562.98077
562.98088
562.98573
562.97876
562.99881
562.100723
562.97155
562.9832
562.10048
562.100258
562.145039
562.100938
562.42815
562.96824
562.100338
562.23693
562.57411
562.96843
562.98297
562.22494
562.98404
562.99527
562.100658
562.7685
562.22922
562.22714
562.22686
562.98781
562.100001
562.99793
562.97791
562.96769
562.2345
562.97375
562.98041
562.50253
562.100606
562.145009
562.23516
562.22992
562.100895
562.145429
562.100656
562.100607
562.57232
562.98938
562.100797
562.98086
562.22782
562.100407
562.97373
562.57163
562.99056
562.97081
562.97119
562.100746
562.22755
562.10038
562.23576
562.97159
562.97199
562.97488
562.23016
562.98112
562.22443
562.100359
562.98944
562.57152
562.22769
562.7779
562.144954
562.98187
562.23324
562.98155
562.100582
562.7681
562.145818
562.10084
562.9976
562.99516
562.100216
562.100834
562.23742
562.22882
562.98106
562.23323
562.96888
562.100106
562.98157
562.98603
562.98156
562.98225
562.96918
562.145432
562.100668
562.42748
562.100544
562.2273
562.98455
562.23729
562.57154
562.100924
562.42838
562.99158
562.23155
562.100342
562.98232
562.111033
562.23618
562.98407
562.45612
562.99935
562.100217
562.97039
562.100562
562.100469
562.98863
562.100052
562.10015
562.97405
562.97019
562.97011
562.100317
562.22547
562.2328
562.42865
562.99024
562.98947
562.100104
562.42642
562.23386
562.100914
562.144996
562.2274
562.99388
562.100891
562.57177
562.57096
562.22579
562.98771
562.23818
562.23232
562.23849
562.57158
562.57231