562.144161
562.100358
562.99281
562.96975
562.96454
562.23369
562.14542
562.100755
562.42809
562.100084
562.99446
562.145392
562.97217
562.96707
562.57399
562.100644
562.96696
562.42805
562.97395
562.57364
562.9927
562.100117
562.23305
562.4281
562.57289
562.57416
562.23108
562.97094
562.50288
562.45666
562.23413
562.99693
562.99448
562.96447
562.9968
562.22923
562.42813
562.23899
562.100121
562.23717
562.30306
562.99549
562.42757
562.96658
562.99999
562.100941
562.50234
562.5746
562.112423
562.99429
562.99271
562.22708
562.42784
562.58738
562.58725
562.5745
562.42849
562.23459
562.100554
562.145404
562.57263
562.9931
562.10005
562.57254
562.144204
562.57448
562.23862
562.99433
562.42828
562.144219
562.42873
562.99209
562.57395
562.23047
562.96445
562.42666
562.42797
562.23389
562.98267
562.2364
562.22867
562.145427
562.57265
562.23431
562.57203
562.5922
562.57316
562.42685
562.98397
562.45845
562.28838
562.98417
562.99025
562.16466
562.144299
562.99332
562.9667
562.111036
562.23434
562.57376
562.42673
562.57086
562.99735
562.114672
562.5708
562.23488
562.42808
562.45592
562.57446
562.100929
562.144212
562.42769
562.100449
562.28997
562.23231
562.96751
562.23141
562.99311
562.145431
562.99414
562.57369
562.4272
562.23226
562.145436
562.57178
562.97076
562.96699
562.57453
562.42676
562.96657
562.99273
562.23721
562.99244
562.144307
562.30435
562.99291
562.9997
562.23391
562.45395
562.100547
562.97292
562.100218
562.96701
562.50238
562.57469
562.98492
562.96931
562.96965
562.99451
562.65782
562.100058
562.42847
562.99459
562.99263
562.58736
562.99267
562.28113
562.57407
562.97295
562.99862
562.57428
562.96472
562.96458
562.57478
562.96706
562.100183
562.144317
562.100609
562.57447
562.14089
562.57445
562.42739
562.98437
562.57326
562.57385
562.45403
562.58626
562.58775
562.58766
562.23567
562.99457
562.50231
562.9721
562.99633
562.28845
562.100421
562.42745
562.42729
562.57488
562.97075
562.45659
562.145381
562.96937
562.99008
562.58739
562.23367
562.58761
562.42803
562.59228
562.145412
562.57375
562.144965
562.42804
562.100751
562.99973
562.19188
562.98782
562.140902
562.100116
562.2348
562.96974
562.140846
562.42818
562.22794
562.57391
562.22754
562.144283
562.100236
562.144287
562.57503
562.5023
562.99455
562.29007
562.96958
562.9929
562.45663
562.98973
562.45622
562.100264
562.99493
562.57247
562.96992
562.99276
562.99601
562.57418
562.99892
562.100838
562.97288
562.57454
562.42775
562.57481
562.57386
562.57118
562.145414
562.58765
562.23858
562.57485
562.57268
562.42688
562.50271
562.9728
562.99721
562.96441
562.99237
562.144306
562.144168
562.57476
562.23574
562.140839
562.100114
562.99286
562.144213
562.45849
562.114673
562.140897
562.998
562.5713
562.42661
562.99436
562.57504
562.99293
562.5738
562.23395
562.45605
562.100715
562.144265
562.57435
562.57267
562.30304
562.114631
562.57479
562.99326
562.4275
562.100886
562.98483
562.96711
562.144297
562.45396
562.96765
562.145395
562.99449
562.57397
562.57083
562.97093
562.22865
562.28114
562.96984
562.96708
562.59222
562.100081
562.57275
562.57168
562.42679
562.99427
562.99454
562.96767
562.23565
562.9901
562.144305
562.50243
562.28434
562.4283
562.96457
562.99265
562.57363
562.145388
562.65789
562.59217
562.144323
562.99453
562.97392
562.57438
562.19185
562.58649
562.4269
562.99419
562.140845
562.99447
562.144244
562.10068
562.57487
562.65783
562.97004
562.114625
562.57465
562.45653
562.99346
562.59225
562.140901
562.96481
562.2881
562.96446
562.22887
562.34085
562.57413
562.50279
562.96957
562.99259
562.45964
562.22984
1438684.3
562.31449
562.100209
562.99023
562.17722
562.23212
562.100935
562.42702
562.57457
562.96995
562.97072
562.42773
562.57389
562.57292
562.96932
562.99435
562.145391
562.42763
562.100456
562.42783
562.144239
562.96759
562.100269
562.97769
562.57491
562.98344
562.100023
562.98525
562.42647
562.99439
562.97287
562.57492
562.99171
562.99631
562.57466
562.22997
562.57437
562.57288
562.144273
562.57131
562.57501
562.100747
562.22465
562.96663
562.42689
562.993
562.140891
562.57493
562.58733
562.9979
562.99434
562.98348
562.100004
562.57199
562.96933
562.28805
562.65781
562.22868
562.57259
562.59218
562.23317
562.23907
562.57271
562.19179
562.99423
562.22596
562.58704
562.42866
562.140895
562.57441
562.22455
562.99927
562.98835
562.57392
562.99931
562.99498
562.42853
562.9926
562.23345
562.22685
562.100822
562.145433
562.23659
562.145421
562.58717
562.96934
562.42768
562.42854
562.100362
562.57396
562.57109
562.23734
562.10033
562.57408
562.23398
562.99315
562.23494
562.42778
562.97394
562.99987
562.97293
562.57365
562.28839
562.42765
562.42711
562.99256
562.99415
562.100331
562.42801
562.5027
562.98931
562.57411
562.99466
562.97994
562.22766
562.58643
562.57205
562.23818
562.100836
562.42713
562.99726
562.16324
562.99287
562.57208
562.57082
562.57282
562.58635
562.115104
562.9697
562.140836
562.145378
562.23593
562.96986
562.7771
562.42826
562.57444
562.9948
562.96456
562.98892
562.96713
562.144159
562.145415
562.9666
562.23011
562.22655
562.50281
562.1909
562.140838
562.145406
562.19181
562.23884
562.42718
562.50275
562.57427
562.23356
562.57483
562.96703
562.23397
562.140837
562.57184
562.19189
562.57463
562.4266
562.28112
562.7703
562.97123
562.23895
562.59227
562.97213
562.97482
562.4585
562.57475
562.57081
562.14433
562.17721
562.99605
562.140907
562.145407
562.22892
562.19823
562.100305
562.30307
562.98545
562.10986
562.57372
562.22821
562.96985
562.23351
562.766
562.23355
562.57256
562.57462
562.9943
562.99507
562.19191
562.99277
562.99715
562.57443
562.145023
562.19177
562.99442
562.100871
562.58735
562.99245
562.145422
562.23462
562.96988
562.42772
562.99253
562.57486
562.100263
562.114626
562.96482
562.50261
562.22635
562.2386
562.100704
562.50266
562.144157
562.9671
562.23558
562.13671
562.23869
562.99292
562.967
562.96444
562.57426
562.227
562.99445
562.23822
562.99305
562.99279
562.23536
562.34086
562.23239
562.23096
562.1001
562.99538
562.96983
562.101974
562.99938
562.57401
562.42667
562.99465
562.42806
562.98183
562.42665
562.14091
562.140848
562.99242
562.6579
562.4267
562.97285
562.96455
562.97776
562.57296
562.145428
562.57451
562.23246
562.19633
562.57394
562.23909
562.7699
562.19187
562.100232
562.100278
562.97393
562.96771
562.57388
562.57169
562.96695
562.19178
562.57417
562.96476
562.575
562.57477
562.982
562.96754
562.97466
562.22503
562.14422
562.99995
562.9974
562.99834
562.42841
562.42814
562.99298
562.57196
562.16325
562.99859
562.99904
562.23682
562.22476
562.99268
562.102106
562.57449
562.22717
562.22523
562.144326
562.42662
562.96999
562.99425
562.50262
562.22677
562.97391
562.13502
562.100965
562.97286
562.99727
562.57409
562.57373
562.22854
562.57459
562.23172
562.57128
562.98725
562.42824
562.99375
562.23342
562.96998
562.96442
562.98346
562.42812
562.50274
562.57467
562.984
562.57368
562.99122
562.99597
562.57367
562.2376
562.99456
562.2324
562.42872
562.45674
562.42693
562.10016
562.28811
562.23645
562.96712
562.1918
562.100427
562.30309
562.97061
562.14541
562.23466
562.140892
562.97096
562.96981
562.4268
562.100139
562.115102
562.100206
562.99284
562.5863
562.22918
562.23486
562.22499
562.9699
562.1443
562.23403
562.58634
1438685.3
562.57192
562.14085
562.7573
562.11511
562.96949
562.99438
562.144236
562.97068
562.57414
562.58748
562.5741
562.99152
562.5751
562.28982
562.23307
562.99183
562.65786
562.5726
562.144218
562.5737
562.57432
562.100442
562.50226
562.59224
562.42802
562.144203
562.31452
562.9707
562.96978
562.57456
562.45847
562.100947
562.23594
562.57253
562.5729
562.42714
562.140835
562.98796
562.30308
562.100375
562.140844
562.29
562.96448
562.59226
562.23894
562.22979
562.57424
562.99296
562.96709
562.1919
562.100192
562.96486
562.28999
562.14539
562.99441
562.96664
562.57374
562.42791
562.1296
562.42821
562.96461
562.145394
562.42789
562.97505
562.98893
562.58732
562.9987
562.57201
562.57421
562.57442
562.98826
562.45635
562.145389
562.23337
562.144324
562.98961
562.140896
562.96935
562.58737
562.96953
562.11463
562.145384
562.5744
562.57166
562.9698
562.22445
562.28132
562.57498
562.97071
562.144291
562.99322
562.50268
562.99258
562.145418
562.99411
562.5872
562.145408
562.42774
562.98611
562.57249
562.145429
562.42675
562.454
562.96758
562.19186
562.96463
562.99769
562.23913
562.14084
562.58627
562.5742
562.57431
562.144182
562.57499
562.96952
562.42671
562.42788
562.29001
562.99403
562.96673
562.57379
562.23158
562.23024
562.50246
562.23697
562.57286
562.96987
562.9729
562.99307
562.30305
562.57159
562.42819
562.42817
562.23781
562.23405
562.97289
562.57175
562.57371
562.99754
562.42807
562.145379
562.57404
562.57461
562.96705
562.144243
562.98914
562.99004
562.99756
562.98235
562.145398
562.57484
562.140894
562.12961
562.97296
562.100601
562.50304
562.28981
562.99983
562.57084
562.58631
562.98743
562.100147
562.57419
562.57472
562.42653
562.99452
562.96583
562.101975
562.57377
562.96453
562.99948
562.31451
562.19184
562.22778
562.59223
562.140833
562.99801
562.3031
562.96671
562.22691
562.96443
562.58734
562.4284
562.57455
562.14543
562.99743
562.42677
562.28131
562.57133
562.4277
562.65785
562.23286
562.98066
562.144304
562.9978
562.23642
562.100652
562.5709
562.99266
562.50236
562.42634
562.57507
562.50244
562.45916
562.22963
562.58724
562.5739
562.96474
562.57384
562.97062
562.22689
562.144311
562.100119
562.19632
562.98542
562.100526
562.99342
562.145397
562.42663
562.99405
562.58727
562.57293
562.23371
562.23284
562.59229
562.99261
562.96982
562.145424
562.42767
562.100863
562.99289
562.57283
562.23311
562.22672
562.59219
562.96996
562.23393
562.50296
562.10036
562.42731
562.99412
562.99458
562.98674
562.42686
562.145409
562.57506
562.57508
562.42792
562.99765
562.96478
562.99573
562.58718
562.28435
562.97
562.57257
562.19183
562.96971
562.28998
562.140841
562.100143
562.42764
562.23831
562.99772
562.144163
562.96662
562.19182
562.42705
562.96997
562.57252
562.57076
562.57197
562.100686
562.145385
562.140834
562.42834
562.99272
562.140842
562.57387
562.58625
562.45394
562.23478
562.57383
562.57464
562.140847
562.100059
562.57494
562.45404
562.50235
562.97097
562.9676
562.97074
562.57433
562.100475
562.23314
562.428
562.97283
562.140843
562.58729
562.57402
562.58764
562.97069
562.96994
562.58721
562.5712
562.96979
562.23404
562.99444
562.112391
562.23457
562.42836
562.29002
562.99243
562.98717
562.57495
562.145411
562.96993
562.100678
562.96459
562.99345
562.42678
562.99707
562.28111
562.99501
562.100802
562.57382
562.2265
562.96475
562.9694
562.9876
562.57134
562.37108
562.57195
562.97846
562.58623
562.99239
562.22582
562.57405
562.140893
562.9857
562.97141
562.22769
562.145069
562.23002
562.23192
562.99117
562.99945
562.98034
562.23446
562.102124
562.100443
562.97438
562.23469
562.97913
562.145079
562.45648
562.100666
562.99302
562.96991
562.99698
562.22922
562.23326
562.23757
562.99014
562.7755
562.14506
562.96862
562.140858
562.99579
562.100691
562.97067
562.96436
562.100245
562.98134
562.97022
562.23871
562.98203
562.19631
562.9745
562.9794
562.96805
562.45677
562.100235
562.145413
562.23924
562.99131
562.100413
562.22893
562.96685
562.58751
562.97336
562.100265
562.98894
562.97766
562.9973
562.57436
562.22945
562.42682
562.99031
562.23644
562.98907
562.100468
562.99238
562.14508
562.99687
562.23267
562.9994
562.97063
562.98333
562.98359
562.97843
562.97449
562.57114
562.22439
562.96683
562.42668
562.23287
562.96467
562.97297
562.97184
562.23177
562.9701
562.9935
562.98345
562.2275
562.9802
562.98295
562.96557
562.42737
562.100387
562.100037
562.22573
562.772
562.50299
562.96465
562.22912
562.2884
562.96555
562.2357
562.100774
562.23479
562.57123
562.23791
562.100527
562.98112
562.99335
562.97378
562.98156
562.96846
562.100727
562.97317
562.22552
562.23713
562.99738
562.45647
562.98729
562.22462
562.96977
562.2345
562.98758
562.7737
562.2274
562.98496
562.2319
562.22809
562.37109
562.144956
562.100052
562.22679
562.7654
562.97187
562.42664
562.22605
562.23795
562.100544
562.50282
562.100233
562.100028
562.97417
562.100363
562.100955
562.96738
562.100569
562.22952
562.10094
562.96794
562.98831
562.9726
562.97015
562.100319
562.57301
562.97801
562.144991
562.98685
562.98162
562.99802
562.97137
562.42857
562.23613
562.2245
562.100882
562.100479
562.144978
562.98353
562.100928
562.22938
562.10049
562.99471
562.23842
562.23812
562.97857
562.57244
562.45649
562.97358
562.99378
562.99805
562.99657
562.99214
562.22699
562.99522
562.10017
562.22633
562.23166
562.42742
562.98323
562.96674
562.100598
562.45671
562.97853
562.5874
562.98794
562.96837
562.99628
562.100827
562.22878
562.99078
562.100067
562.2298
562.50227
562.98584
562.23776
562.23912
562.22894
562.9664
562.99037
562.2292
562.98452
562.112426
562.99647
562.100477
562.45853
562.100667
562.99135
562.98269
562.98001
562.99985
562.23346
562.98291
562.99875
562.23665
562.97445
562.100499
562.98013
562.22847
562.97055
562.98032
562.23865
562.97024
562.23547
562.97916
562.140849
562.97124
562.22495
562.10013
562.9959
562.98745
562.9954
562.96801
562.22581
562.98129
562.22773
562.97988
562.96586
562.100805
562.22429
562.97014
562.23167
562.100654
562.23543
562.97327
562.99961
562.23762
562.22853
562.99895
562.23358
562.100187
562.22561
562.58758
562.22536
562.100342
562.99115
562.145001
562.23255
562.140831
562.100773
562.42816
562.97839
562.100289
562.7761
562.97412
562.23726
562.31459
562.57429
562.23285
562.99981
562.22983
562.144276
562.99913
562.98727
562.97871
562.23406
562.100438
562.28389
562.57277
562.45593
562.99581
562.100464
562.97816
562.100887
562.100258
562.98242
562.9836
562.99556
562.23412
562.28846
562.96781
562.99095
562.98853
562.22577
562.57088
562.98949
562.97961
562.22518
562.23779
562.42749
562.100763
562.10067
562.9849
562.58633
562.100731
562.22891
562.99022
562.96571
562.22459
562.99623
562.22515
562.97312
562.4274
562.22535
562.9995
562.97131
562.99546
562.97943
562.42753
562.145817
562.99843
562.57085
562.145057
562.100713
562.22866
562.98067
562.5029
562.145011
562.97902
562.23784
562.100716
562.99937
562.23835
562.99877
562.7628
562.100018
562.23538
562.98874
562.23531
562.99169
562.22852
562.99947
562.99832
562.23298
562.97166
562.98886
562.100874
562.100197
562.22805
562.100293
562.144308
562.1002
562.98174
562.100859
562.9709
562.58707
562.23181
562.99662
562.144969
562.98466
562.99821
562.10063
562.100641
562.23297
562.97405
562.99956
562.100588
562.9972
562.99554
562.22458
562.96968
562.22799
562.99586
562.7754
562.773
562.98915
562.96535
562.97859
562.7752
562.57137
562.10003
562.96477
562.100202
562.99723
562.97365
562.100302
562.14499
562.23007
562.99064
562.100806
562.22706
562.14426
562.96836
562.96813
562.23004
562.23736
562.100597
562.100772
562.23316
562.100748
562.100225
562.23334
562.98593
562.144981
562.2255
562.98422
562.100944
562.9967
562.98027
562.14421
562.98652
562.98379
562.100525
562.97868
562.97958
562.58637
562.23118
562.22614
562.99952
562.58638
562.98509
1438686.3
562.99923
562.45624
562.9872
562.144162
562.98762
562.144248
562.23435
562.31463
562.98913
562.98289
562.140912
562.22666
562.97897
562.97814
562.57423
562.99589
562.98077
562.98036
562.98535
562.99565
562.97905
562.23464
562.7678
562.22487
562.100565
562.23579
562.9787
562.99587
562.22489
562.100238
562.99957
562.7697
562.96549
562.97278
562.98612
562.768
562.98774
562.97205
562.96865
562.42811
562.23677
562.96791
562.9785
562.98331
562.9692
562.96419
562.144309
562.99993
562.100049
562.57182
562.88799
562.100212
562.97172
562.23068
562.9704
562.100222
562.98342
562.98798
562.97256
562.145076
562.96599
562.9984
562.97965
562.97385
562.5716
562.96825
562.100332
562.98319
562.23376
562.99052
562.98091
562.98176
562.100594
562.23901
562.10088
562.100507
562.100502
562.98538
562.57157
562.23179
562.23476
562.100523
562.98817
562.22491
562.96491
562.100572
562.96639
562.100279
562.50276
562.58713
562.100953
562.100231
562.45595
562.98901
562.144238
562.96638
562.96915
562.23771
562.96434
562.22696
562.96972
562.145027
562.96503
562.5727
562.99443
562.23849
562.96609
562.99572
562.23207
562.22467
562.99511
562.99835
562.97192
562.99919
562.100919
562.96665
562.98989
562.7663
562.42724
562.23169
562.97944
562.98925
562.98786
562.98834
562.98731
562.100181
562.23292
562.99867
562.98195
562.23072
562.99571
562.7706
562.96574
562.57278
562.100234
562.100308
562.23769
562.22965
562.10095
562.98677
562.9651
562.144215
562.100006
562.99656
562.97294
562.2256
562.9861
562.22911
562.99621
562.23409
562.98609
562.45632
562.22896
562.9799
562.23807
562.96625
562.99888
562.45599
562.98416
562.99525
562.100112
562.99407
562.99362
562.99071
562.9905
562.99389
562.100022
562.23708
562.100682
562.23205
562.58731
562.4564
562.23551
562.22906
562.22949
562.140881
562.100683
562.98647
562.98533
562.10052
562.144953
562.99817
562.99035
562.7679
562.98871
562.97925
562.42736
562.100679
562.14425
562.23622
562.96545
562.23363
562.99742
562.23221
562.23738
562.57303
562.4278
562.97977
562.98566
562.98182
562.100239
562.97904
562.42755
562.99914
562.100926
562.100174
562.98324
562.23672
562.96832
562.99562
562.96587
562.9733
562.9645
562.22673
562.144251
562.29006
562.96783
562.97812
562.96628
562.98074
562.23335
562.99855
562.100135
562.98095
562.97349
562.97299
562.99107
562.23832
562.100062
562.144295
562.145029
562.98168
562.100916
562.140871
562.145432
562.23066
562.144201
562.98093
562.45638
562.23882
562.23915
562.98215
562.10078
562.97444
562.42744
562.96632
562.98213
562.100104
562.2352
562.10069
562.42646
562.97483
562.999
562.99333
562.23094
562.100322
562.145035
562.7692
562.100042
562.96742
562.98122
562.97051
562.10064
562.22428
562.98106
562.96637
562.98502
562.145022
562.7645
562.98527
562.96521
562.14502
562.100338
562.23003
562.100392
562.100213
562.97054
562.9986
562.23702
562.96741
562.98624
562.2297
562.96698
562.98079
562.97239
562.100617
562.23615
562.7712
562.22827
562.144314
562.22919
562.42827
562.97842
562.98121
562.9672
562.99784
562.98463
562.96694
562.98633
562.42766
562.22856
562.22957
562.57183
562.98504
562.99043
562.23514
562.99941
562.98092
562.22779
562.100761
562.99155
562.99915
562.99764
562.45656
562.65791
562.99163
562.99544
562.100655
562.7772
562.100885
562.97437
562.97082
562.97851
562.45675
562.96875
562.100469
562.99907
562.98668
562.97764
562.100879
562.23896
562.98107
562.23161
562.99026
562.96779
562.9921
562.97146
562.96812
562.100896
562.232
562.50225
562.23481
562.98761
562.98785
562.22974
562.100055
562.23617
562.97059
562.99303
562.98581
562.23701
562.23163
562.100359
562.100223
562.100862
562.96519
562.23448
562.97086
562.97975
562.50285
562.42725
562.98905
562.96911
562.99893
562.98675
562.10041
562.23299
562.99729
562.97206
562.96575
562.99041
562.98776
562.96897
562.100592
562.22443
562.5719
562.9842
562.96428
562.100228
562.9964
562.9888
562.2315
562.7642
562.9675
562.96775
562.97238
562.97247
562.99054
562.99496
562.23885
562.23276
562.23868
562.144999
562.31458
562.22849
562.99858
562.100868
562.100237
562.85839
562.98238
562.99424
562.23853
562.98309
562.100579
562.98929
562.100136
562.22556
562.23504
562.22815
562.5731
562.99559
562.99972
562.98837
562.98189
562.98864
562.98644
562.22884
562.99262
562.58752
562.98029
562.22976
562.99009
562.98862
562.7731
562.98047
562.23508
562.100721
562.23046
562.99192
562.5026
562.22889
562.100276
562.5873
562.10011
562.97274
562.98307
562.99664
562.96581
562.96561
562.100324
562.23722
562.99138
562.144231
562.23632
562.45627
562.97347
562.97903
562.23529
562.98484
562.99027
562.98119
562.7734
562.100943
562.96551
562.58769
562.99012
562.42722
562.97276
562.99811
562.2343
562.45589
562.10021
562.9829
562.22999
562.98033
562.99144
562.99615
562.100311
562.5877
562.99774
562.99365
562.57281
562.96745
562.22438
562.57239
562.23101
562.96822
562.99264
562.23921
562.7713
562.7656
562.57458
562.2329
562.97879
562.22883
562.23566
562.57366
562.97148
562.100726
562.23863
562.100133
562.99894
562.968
562.58774
562.23238
562.42815
562.23763
562.97119
562.97302
562.96543
562.99139
562.10066
562.100286
562.100013
562.97923
562.98399
562.97258
562.22838
562.98922
562.10059
562.5715
562.96878
562.99463
562.23564
562.98054
562.4567
562.99134
562.23213
562.96888
562.96796
562.98838
562.96746
562.144312
562.96891
562.22857
562.98536
562.100242
562.145003
562.96619
562.23654
562.22453
562.23379
562.23027
562.23244
562.99088
562.22538
562.57194
562.100559
562.22873
562.50292
562.97951
562.99308
562.100079
562.23764
562.97181
562.100417
562.100675
562.65787
562.42669
562.9687
562.99996
562.140887
562.100585
562.10032
562.144246
562.97824
562.9854
562.97309
562.96585
562.98599
562.23174
562.23607
562.23061
562.98805
562.100077
562.22654
562.50251
562.99504
562.97011
562.98772
562.97475
562.98844
562.99714
562.100371
562.97762
562.9688
562.98508
562.23019
562.5725
562.98261
562.23063
562.140861
562.99994
562.23009
562.23557
562.100184
562.96487
562.100722
562.99099
562.99576
562.98061
562.97229
562.23584
562.9969
562.98945
562.58632
562.99737
562.97865
562.23515
562.97144
562.99798
562.100852
562.22971
562.23495
562.22872
562.42748
562.100366
562.23293
562.7626
562.99211
562.2253
562.23035
562.57135
562.99108
562.99942
562.58789
562.100498
562.427
562.28565
562.99297
562.100629
562.994
562.98498