562.42869
562.144187
562.100244
562.23434
562.144325
562.144304
562.144213
562.144177
562.100768
562.144166
562.16325
562.96848
562.100592
562.98831
562.144168
562.144293
562.14431
562.9974
562.28566
562.99008
562.42665
562.144274
562.57457
562.96805
562.1443
562.97349
562.19632
562.23047
562.100375
562.144241
562.57474
562.2302
562.42841
562.144231
562.144297
562.23567
562.57491
562.144162
562.2312
562.14417
562.22545
562.22632
562.28563
562.23494
562.99463
562.96724
562.99336
562.144196
562.22939
562.144152
562.42641
562.23799
562.22592
562.42738
562.144268
562.98625
562.99565
562.144305
562.23585
562.144153
562.4287
562.144175
562.42826
562.42832
562.96738
562.22774
562.14424
562.23932
562.23818
562.144287
562.23391
562.11463
562.144246
562.100533
562.57506
562.144239
562.9679
562.23106
562.23101
562.42656
562.144298
562.23501
562.99473
562.144308
562.88799
562.23306
562.96448
562.23431
562.100683
562.14429
562.42687
562.23229
562.144289
562.98372
562.22554
562.96673
562.144218
562.2347
562.57495
562.144324
562.99831
562.238
562.97079
562.96458
562.33281
562.42822
562.144214
562.100281
562.98731
562.144164
562.99567
562.144184
562.144232
562.42835
562.42834
562.100751
562.2275
562.23104
562.96792
562.98353
562.144334
562.100062
562.144195
562.1296
562.42833
562.57461
562.3328
562.97506
562.144236
562.34085
562.100804
562.42741
562.100875
562.144255
562.100305
562.144179
562.2309
562.100506
562.42854
562.100838
562.23523
562.144235
562.100122
562.23463
562.100752
562.100361
562.29006
562.22745
562.22806
562.14432
562.98832
562.144319
562.30434
562.144159
562.99474
562.100613
562.144199
562.144207
562.97075
562.144243
562.42866
562.42821
562.97514
562.2265
562.42696
562.9788
562.9837
562.96788
562.42745
562.2284
562.30362
562.23794
562.144174
562.23385
562.42831
562.144277
562.23565
562.42734
562.144266
562.42642
562.97362
562.2289
562.144307
562.99513
562.144197
562.144188
562.42714
562.144247
562.100058
562.22457
562.23125
562.28131
562.97069
562.100767
562.100116
562.99968
562.23392
562.4271
562.42873
562.97062
562.99948
562.96737
562.98772
562.97503
562.100549
562.96795
562.23814
562.144189
562.42664
562.23574
562.144317
562.14418
562.98717
562.42702
562.42647
562.97186
562.23116
562.23513
562.144311
562.144202
562.22707
562.97178
562.966
562.14428
562.144167
562.100417
562.98835
562.23398
562.4283
562.144254
562.996
562.144283
562.144312
562.99605
562.42867
562.42829
562.23483
562.23461
562.98655
562.100261
562.144278
562.22759
562.97074
562.96456
562.98278
562.28132
562.144171
562.9751
562.42708
562.144302
562.42868
562.97502
562.42634
562.42768
562.144314
562.96801
562.99931
562.144299
562.97189
562.5747
562.96849
562.57509
562.23478
562.42843
562.100331
562.98845
562.22584
562.100233
562.144157
562.97181
562.97359
562.98979
562.96933
562.144276
562.16466
562.144156
562.144263
562.100427
562.144271
562.144204
562.144306
562.42677
562.9678
562.23569
562.22914
562.16327
562.23403
562.42824
562.144326
562.144151
562.96811
562.144224
562.144183
562.99006
562.19631
562.23139
562.22942
562.100788
562.144233
562.23094
562.42709
562.23918
562.144322
562.4266
562.4268
562.99194
562.96812
562.144327
562.9946
562.42872
562.99945
562.23217
562.9672
562.23646
562.144191
562.96846
562.97072
562.23092
562.9707
562.23089
562.23121
562.983
562.23032
562.42842
562.17722
562.23396
562.23425
562.22909
562.2286
562.100201
562.144203
562.42828
562.42654
562.144192
562.23031
562.144275
562.9732
562.9685
562.14423
562.42716
562.97483
562.99928
562.100143
562.10072
562.23096
562.23023
562.99272
562.97003
562.22505
562.23433
562.144329
562.97507
562.23884
562.144248
562.23342
562.144198
562.144261
562.144215
562.22441
562.100679
562.2314
562.144226
562.98351
562.23458
562.97061
562.96802
562.99239
562.100408
562.23189
562.42635
562.99746
562.23826
562.99187
562.144212
562.144221
562.144181
562.29008
562.23821
562.23099
562.144332
562.29007
562.10051
562.99693
562.91162
562.1762
562.30435
562.98588
562.99849
562.144244
562.99332
562.144206
562.144154
562.96741
562.144291
562.22972
562.42731
562.96739
562.114672
562.100344
562.2282
1400157.3
562.97508
562.10047
562.99701
562.144227
562.144258
562.23161
562.144256
562.42823
562.9674
562.100006
562.97509
562.22677
562.9719
562.22501
562.144155
562.144165
562.42846
562.144176
562.4284
562.99232
562.14426
562.96786
562.23272
562.144272
562.19633
562.14433
562.22758
562.14425
562.144295
562.23595
562.144279
562.99155
562.23806
562.9833
562.144273
562.144252
562.97078
562.23925
562.42871
562.10005
562.144294
562.23913
562.100014
562.23532
562.144281
562.96712
562.5745
562.14415
562.9666
562.99507
562.9976
562.42649
562.42662
562.144238
562.100209
562.99597
562.23594
562.96799
562.998
562.144269
562.144286
562.2268
562.144234
562.1442
562.144288
562.42851
562.144208
562.23011
562.96447
562.99247
562.23117
562.144316
562.14422
562.23858
562.97071
562.23457
562.144225
562.57483
562.14416
562.22847
562.23792
562.144265
562.144229
562.144323
562.23526
562.96804
562.144217
562.98352
562.98514
562.99872
562.23435
562.9952
562.23558
562.100728
562.9718
562.144321
562.96455
562.96781
562.144182
562.144284
562.98953
562.97185
562.57463
562.144262
562.30349
562.9681
562.144201
562.97179
562.23639
562.144333
562.17721
562.23215
562.23682
562.97076
562.22521
562.96664
562.22426
562.4282
562.99973
562.114673
562.23505
562.144211
562.144309
562.23107
562.12959
562.99197
562.144245
562.23098
562.144193
562.144185
562.144228
562.99833
562.144259
562.22579
562.9846
562.22933
562.114625
562.100893
562.97191
562.99451
562.99267
562.42853
562.144303
562.144251
562.9956
562.96791
562.100817
562.16326
562.14421
562.23325
562.45845
562.145439
562.28434
562.23343
562.23145
562.144219
562.42754
562.99834
562.99703
562.144161
562.23079
562.98223
562.97077
562.144301
562.14419
562.9942
562.99985
562.144264
562.14427
562.144169
562.96785
562.100935
562.23455
562.98825
562.23369
562.22915
562.144318
562.22711
562.22657
562.144296
562.144178
562.98792
562.144335
562.144249
562.22587
562.144205
562.144282
562.144253
562.99993
562.144315
562.57378
562.144242
562.100749
562.144173
562.98978
562.22435
562.23195
562.42679
562.42685
562.99946
562.144331
562.23113
562.42827
562.100389
562.23795
562.98827
562.99423
562.144194
562.23857
562.992
562.98715
562.99998
562.23618
1400156.3
562.2311
562.97187
562.100044
562.96809
562.100245
562.96796
562.23093
562.144186
562.96658
562.42825
562.22941
562.97073
562.96934
562.144223
562.232
562.99353
562.23869
562.23144
562.23451
562.17621
562.144313
562.99132
562.96657
562.23054
562.42749
562.144172
562.4269
562.99464
562.100603
562.144267
562.23428
562.96789
562.144158
562.23454
562.100218
562.99978
562.23664
562.100562
562.96598
562.144257
562.99202
562.144209
562.100723
562.144163
562.96803
562.97068
562.22722
562.42678
562.100129
562.23691
562.98483
562.28567
562.98664
562.144328
562.144237
562.98219
562.144216
562.99853
562.97158
562.100387
562.96428
562.99614
562.98996
562.23319
562.96563
562.22916
562.22522
562.97441
562.22884
562.23628
562.22822
562.97081
562.23499
562.98423
562.96708
562.99089
562.100842
562.98988
562.22467
562.22527
562.99883
562.100332
562.9984
562.100075
562.9889
562.22563
562.100647
562.99088
562.100208
562.99762
562.23278
562.99717
562.96862
562.42725
562.99497
562.99028
562.23424
562.96522
562.57444
562.2291
562.23404
562.9951
562.99659
562.99407
562.99956
562.99257
562.22454
562.98077
562.99055
562.98708
562.23225
562.99992
562.45615
562.96507
562.96682
562.98597
562.98065
562.99779
562.42774
562.99316
562.23014
562.100273
562.42855
562.23757
562.45607
562.9824
562.100944
562.100573
562.100077
562.22841
562.98669
562.97147
562.100109
562.96449
562.99537
562.98917
562.100477
562.22748
562.98249
562.97066
562.97471
562.99963
562.97213
562.2387
562.100163
562.97115
562.57469
562.100031
562.97214
562.99328
562.99903
562.100835
562.23381
562.98678
562.100495
562.97242
562.96516
562.97219
562.100885
562.22607
562.22523
562.23761
562.97959
562.23061
562.97408
562.22609
562.96508
562.99277
562.98663
562.42712
562.9655
562.23556
562.100354
562.9881
562.22738
562.100099
562.97277
562.2329
562.23541
562.2318
562.22438
562.23108
562.99781
562.57485
562.22717
562.100862
562.100324
562.99356
562.98586
562.99243
562.23893
562.96895
562.97304
562.98224
562.23525
562.96909
562.100151
562.57417
562.96925
562.97395
562.98887
562.9992
562.23033
562.22765
562.96865
562.42784
562.23613
562.22808
562.42663
562.100213
562.9644
562.96853
562.100509
562.99891
562.23934
562.97112
562.98966
562.23091
562.23131
562.57489
562.97432
562.22516
562.22938
562.22618
562.23326
562.98805
562.98456
562.23619
562.98325
562.98502
562.4277
562.98412
562.98829
562.22625
562.97247
562.22733
562.99193
562.98266
562.97854
562.23321
562.98816
562.98469
562.23739
562.23286
562.22463
562.99133
562.22771
562.97776
562.57393
562.99893
562.100276
562.2261
562.100235
562.98593
562.98955
562.22444
562.42857
562.100172
562.96939
562.98212
562.97865
562.100295
562.23347
562.96714
562.96944
562.97327
562.22569
562.98934
562.98071
562.23384
562.96957
562.98454
562.99311
562.96822
562.97482
562.98001
562.100309
562.10055
562.58782
562.98583
562.99763
562.98084
562.100003
562.23537
562.98075
562.22926
562.100963
562.98566
562.97019
562.98652
562.99653
562.23279
562.97891
562.96576
562.97407
562.97329
562.22538
562.99508
562.97155
562.22566
562.100605
562.99656
562.99208
562.99186
562.100589
562.22582
562.100538
562.23717
562.23163
562.100833
562.100919
562.99128
562.2339
562.97841
562.100569
562.98126
562.100009
562.100439
562.9693
562.42763
562.98244
562.96695
562.23909
562.100645
562.22532
562.23399
562.57508
562.23307
562.57364
562.97435
562.97872
562.58788
562.23419
562.98932
562.99411
562.100489
562.9844
562.97504
562.9822
562.100848
562.23486
562.100824
562.98941
562.22984
562.98645
562.98121
562.98425
562.9949
562.23203
562.97858
562.99983
562.23615
562.97312
562.99468
562.96689
562.57448
562.23638
562.57369
562.96839
562.22488
562.99229
562.98677
562.100684
562.97281
562.9793
562.99787
562.97782
562.97203
562.98123
562.22479
562.98879
562.98578
562.22511
562.45673
562.9999
562.100876
562.98481
562.42756
562.22877
562.100298
562.100108
562.96705
562.97888
562.100773
562.97332
562.22821
562.98402
562.98211
562.97255
562.9912
562.98307
562.96707
562.23077
562.96926
562.23291
562.22701
562.4273
562.99959
562.99492
562.23037
562.96954
562.42802
562.100695
562.23401
562.42643
562.96829
562.98695
562.100052
562.97444
562.97924
562.2307
562.23481
562.22594
562.98333
562.96866
562.989
562.100426
562.100472
562.98111
562.96424
562.97285
562.98316
562.100402
562.98927
562.226
562.99115
562.99013
562.99103
562.97335
562.98431
562.22782
562.23597
562.97859
562.98081
562.23508
562.97282
562.42864
562.97236
562.98617
562.100633
562.991
562.99418
562.23467
562.57402
562.100012
562.23253
562.100895
562.100341
562.9867
562.9692
562.10025
562.23796
562.99469
562.96433
562.100275
562.100831
562.99766
562.98012
562.22643
562.99591
562.57466
562.22555
562.9701
562.97167
562.96783
562.22506
562.97472
562.97819
562.98263
562.96462
562.98417
562.99789
562.100759
562.99075
562.99539
562.97016
562.23775
562.9895
562.23655
562.23311
562.22837
562.99504
562.100314
562.100166
562.97458
562.98741
562.97375
562.9868
562.97253
562.23745
562.23237
562.1005
562.96537
562.97454
562.225
562.98415
562.2342
562.99517
562.96611
562.23547
562.96967
562.100926
562.23001
562.96857
562.57465
562.96584
562.96626
562.42658
562.100422
562.98161
562.99236
562.10006
562.99252
562.100555
562.23219
562.100946
562.97345
562.99216
562.99379
562.97473
562.9812
562.98018
562.96973
562.100137
562.98162
562.10093
562.96716
562.2272
562.2372
562.100212
562.42791
562.96777
562.9988
562.100912
562.22968
562.45649
562.98207
562.96573
562.2245
562.97913
562.97276
562.100497
562.100047
562.98676
562.100046
562.22473
562.99324
562.45587
562.23572
562.98571
562.97269
562.10094
562.99574
562.575
562.9735
562.99751
562.42804
562.23192
562.100071
562.100905
562.22656
562.98296
562.22905
562.23568
562.96517
562.9716
562.97829
562.23162
562.10018
562.96991
562.45613
562.9961
562.99592
562.99589
562.98053
562.100225
562.96612
562.99163
562.456
562.23831
562.100708
562.99291
562.99036
562.23865
562.96418
562.22573
562.96466
562.22729
562.42697
562.97796
562.9652
562.23923
562.45639
562.98874
562.98268
562.97881
562.97323
562.23382
562.97767
562.23049
562.100491
562.97097
562.42772
562.23843
562.97478
562.22658
562.100649
562.96603
562.97177
562.99955
562.22929
562.96587
562.99987
562.22985
562.100609
562.23666
562.57445
562.23308
562.98713
562.100161
562.96753
562.22611
562.98255
562.58777
562.100243
562.100216
562.99231
562.23883
562.22814
562.98482
562.23554
562.2378
562.100153
562.98964
562.99559
562.22673
562.45643
562.100443
562.45624
562.99308
562.99102
562.9948
562.98055
562.100465
562.100351
562.23605
562.97325
562.9981
562.100001
562.23465
562.100091
562.98171
562.23802
562.22871
562.100414
562.988
562.97759
562.23443
562.98519
562.98547
562.22499
562.99361
562.22991
562.97105
562.23722
562.98823
562.96691
562.98308
562.98836
562.45668
562.96776
562.100521
562.23753
562.98304
562.96751
562.100343
562.23764
562.98105
562.99709
562.22895
562.34086
562.23518
562.9776
562.96578
562.100174
562.96461
562.9863
562.45663
562.23882
562.96769
562.99069
562.98863
562.1
562.22961
562.98662
562.23177
562.99219
562.99876
562.96494
562.57484
562.22715
562.100164
562.96921
562.100961
562.97943
562.100234
562.99087
562.23668
562.98817
562.98818
562.99723
562.100189
562.96655
562.97431
562.96475
562.42735
562.42845
562.98855
562.97046
562.99772
562.10003
562.97007
562.100798
562.100266
562.97306
562.99402
562.96919
562.23112
562.100085