562.58773
562.100937
562.14085
562.99501
562.98803
562.99614
562.98212
562.99214
562.42832
562.42747
562.100925
562.73376
562.99318
562.140837
562.140838
562.97808
562.98401
562.97894
562.42697
562.454
562.140843
562.42752
562.99747
562.31449
562.7681
562.99084
562.9961
562.100793
562.73366
562.99472
562.140909
562.100963
562.100547
562.9829
562.58625
562.98326
562.99332
562.98862
562.7626
562.100245
562.99188
562.98419
562.99283
562.100305
562.65781
562.145818
562.10032
562.9986
562.7627
562.99687
562.100886
562.100052
562.7576
562.99132
562.45589
562.4567
562.99994
562.33281
562.99483
562.145372
562.97865
562.42783
562.98556
562.99599
562.100058
562.58644
562.99684
562.59218
562.59227
562.100416
562.45591
562.1003
562.100941
562.98087
562.100608
562.99135
562.42812
562.145821
562.31458
562.144917
562.28132
562.45602
562.97815
562.776
562.28844
562.100264
562.100161
562.99776
562.98807
562.58774
562.7632
562.99601
562.98236
562.98892
562.100408
562.2884
562.99897
562.99182
562.100671
562.99556
562.9826
562.1296
562.99357
562.100389
562.42768
562.7645
562.99192
562.58791
562.1008
562.97967
1045010.64
562.28846
562.100669
562.58637
562.7654
562.144913
562.73346
562.99336
562.73357
562.99413
562.99993
562.428
562.99015
562.7575
562.7683
562.97835
562.100341
562.98001
562.98823
562.45612
562.99242
562.28838
562.73381
562.97866
562.100563
562.99673
562.73372
562.7682
562.7752
1328433.3
562.7573
562.140882
562.100911
562.7733
562.42818
562.59223
562.58649
562.98907
562.99759
562.99237
562.100772
562.140911
562.135559
562.42679
562.98346
562.42705
562.100344
562.45619
562.9936
562.45597
562.42813
562.58636
562.7775
562.100543
562.98598
562.7621
562.7668
562.140907
562.7339
562.100501
562.42668
562.140873
562.97929
562.100303
562.99646
562.98995
562.98521
562.97876
562.42778
562.42865
562.100249
562.4266
562.135594
562.7754
562.98183
562.99693
562.58755
562.7703
562.100947
562.42769
562.7571
562.6578
562.97914
562.99636
562.45614
562.9914
562.98666
562.31464
562.100882
562.100423
562.42724
562.10017
562.982
562.145403
562.100698
562.99093
562.100866
562.140829
562.73368
562.771
562.100724
562.73369
562.58631
562.140877
562.14492
562.98871
562.98563
562.100088
562.140841
562.100899
562.65783
562.42712
562.100613
562.100731
562.42659
562.100405
562.45615
562.99008
562.1762
562.28563
562.58747
562.988
562.7338
562.99196
562.98143
562.98582
562.59224
562.99583
562.100618
562.9932
562.98682
562.58742
562.98523
562.98302
562.98877
562.98514
562.98967
562.10064
562.145408
562.98952
562.73373
562.42869
562.100116
562.99945
562.7786
562.97757
562.45396
562.100167
562.114625
562.135568
562.99859
562.7693
562.98051
562.98704
562.7685
562.140878
562.5865
562.98923
562.99232
562.100231
562.45395
562.42649
562.99642
562.42788
562.65786
562.100268
562.100885
562.10042
562.100526
562.91162
562.100119
562.99154
562.4564
562.42751
562.42662
562.100961
562.98162
562.99737
562.100655
562.98694
562.42735
562.28841
562.97939
562.98526
562.98387
562.5876
562.42687
562.7672
562.98219
562.98539
562.42706
562.99543
562.98492
562.13559
562.100316
562.100742
562.99662
562.97937
562.10067
562.98023
562.100061
562.100218
562.7704
562.98222
562.144936
562.97834
562.100185
562.10075
562.17621
562.42773
562.100263
562.99366
562.100791
562.42801
562.135591
562.140875
562.100798
562.98574
562.144935
562.7779
562.100704
562.427
562.7753
562.100962
562.99974
562.42753
562.100662
562.100541
562.9915
562.45601
562.45657
562.42741
562.99906
562.58771
562.140876
562.100713
562.99795
562.9901
562.42873
562.98047
562.98397
562.59229
562.9971
562.99597
562.100615
562.1
562.99473
562.135561
562.42698
562.45621
562.58788
562.98886
562.59222
562.73379
562.100723
562.97771
562.140912
562.98766
562.9899
562.135565
562.45608
562.99853
562.100558
562.7774
562.45624
562.73393
562.9994
562.100143
562.58634
562.98453
562.99578
562.99212
562.97781
562.99339
562.100002
562.7691
562.9952
562.100313
562.31452
562.100037
562.99048
562.30434
562.100269
562.73355
562.99706
562.98644
562.99394
562.140849
562.99036
562.10051
562.99163
562.145404
562.58648
562.58622
562.9781
562.100567
562.100475
562.19151
562.10068
562.98744
562.100148
562.99423
562.9939
562.42847
562.1001
562.140851
562.100007
562.98662
562.100893
562.37112
562.4285
562.100734
562.99979
562.99409
562.9876
562.140846
562.42759
562.7566
562.45603
562.7625
562.100476
562.98893
562.99621
562.99346
562.100387
562.775
562.98697
562.100275
562.99354
562.9856
562.7648
562.112391
562.45634
562.99743
562.99875
562.100759
562.98988
562.9992
562.140826
562.73377
562.7721
562.45613
562.135588
562.73367
562.9966
562.100686
562.99998
562.100609
562.7694
562.97765
562.10054
562.100861
562.73378
562.98912
562.98147
562.100803
562.58757
562.42714
562.58635
562.45625
562.45645
562.767
562.100509
562.99322
562.98383
562.99254
562.7735
562.98463
562.114673
562.42726
562.100857
562.16324
562.42806
562.99144
562.99023
562.97799
562.99229
562.7671
562.98982
562.7723
562.4265
562.4565
562.34085
562.98289
562.100553
562.45662
562.7734
562.100179
562.98729
562.99469
562.99619
562.99714
562.99391
562.140902
562.99014
562.97965
562.998
562.59228
562.98483
562.98538
562.98145
562.9887
562.98325
562.42836
562.98152
562.42771
562.100521
562.99806
562.7634
562.42725
562.99418
562.100482
562.98504
562.98291
562.100083
562.98975
562.100374
562.98461
562.144924
562.42644
562.100189
562.98692
562.100092
562.98386
562.100205
562.99507
562.98423
562.98848
562.16327
562.98039
562.42665
562.98309
562.42858
562.140889
562.140824
562.99702
562.97898
562.778
562.99572
562.97978
562.100809
562.42756
562.99513
562.42777
562.994
562.9877
562.59217
562.58749
562.42852
562.98616
562.100014
562.99451
562.13557
562.98079
562.59225
562.100774
562.100555
562.99343
562.772
562.9848
562.99771
562.42776
562.7674
562.100256
562.98359
562.99201
562.135592
562.98417
562.10986
562.58642
562.42868
562.42641
562.17722
562.100707
562.100085
562.100554
562.99333
562.42862
562.42678
562.9892
562.99899
562.99724
562.98107
562.100388
562.98235
562.100233
562.73397
1438684.3
562.7628
562.99344
562.773
562.45594
562.100335
562.97847
562.73351
562.45673
562.100924
562.7336
562.98304
562.98109
562.3145
562.99781
562.9838
562.144937
562.100653
562.100186
562.99695
562.99215
562.99133
562.7624
562.100033
562.4277
562.99882
562.100266
562.58762
562.774
562.9801
562.98254
562.45653
562.7641
562.42685
562.65788
562.99973
562.100045
562.100605
562.42764
562.42791
562.99754
562.99145
562.42648
562.100694
562.98795
562.99514
562.140835
562.9955
562.58745
562.98931
562.100173
562.99605
562.99124
562.140874
562.7665
562.99839
562.73359
562.7635
562.45587
562.99038
562.7581
562.97769
562.99487
562.50309
562.42664
562.45609
562.100625
562.100703
562.100192
562.98348
562.98802
562.100145
562.99216
562.7727
562.73383
562.140881
562.99173
562.100965
562.98773
562.98969
562.9975
562.37108
562.100358
562.100612
562.42635
562.100184
562.42711
562.140886
562.100015
562.9891
562.7745
562.29006
562.99559
562.7569
562.98854
562.45394
562.88799
562.10041
562.31454
562.7692
562.98787
562.45845
562.99464
562.100337
562.98558
562.42651
562.97756
562.9776
562.100592
562.42802
562.98575
562.97777
562.777
562.45632
562.42803
562.140847
562.99821
562.7697
562.100502
562.100786
562.98781
562.140871
562.140867
562.99388
562.7722
562.100869
562.99892
562.99323
562.99651
562.99091
562.100784
562.98968
562.34086
562.7737
562.58627
562.4287
562.7655
562.45664
562.98279
562.10036
562.7689
562.100157
562.42729
562.7686
562.7663
562.73385
562.42843
562.140888
562.99235
562.98234
562.7769
562.99272
562.99245
562.100144
562.100474
562.98223
562.45638
562.99701
562.7776
562.7567
562.7707
562.98703
562.98737
562.140827
562.99075
562.111036
562.99121
562.98847
562.97824
562.42638
562.114672
562.45618
562.100384
562.140908
562.99661
562.42807
562.9871
562.99129
562.98263
562.98351
562.99313
562.9905
562.16326
562.7673
562.42681
562.100505
562.98794
562.73382
562.99199
562.98604
562.99978
562.100863
562.9974
562.100596
562.19632
562.99678
562.42872
562.42775
562.98934
562.100169
562.45654
562.42746
562.98684
562.99911
562.10056
562.42762
562.9983
562.45659
562.42821
562.7584
562.4561
562.98089
562.98989
562.98828
562.99948
562.58766
562.10027
562.7678
562.140915
562.135571
562.98441
562.100375
562.45674
562.7726
562.42749
562.99474
562.9796
562.45397
562.99
562.100683
562.140879
562.100811
562.98437
562.100923
562.28435
562.98674
562.45604
562.99131
562.99729
562.99052
562.7664
562.58621
562.98833
562.73387
562.109862
562.9918
562.99582
562.98412
562.99459
562.9998
562.45658
562.99341
562.42805
562.98583
562.42745
562.99066
562.42787
562.7778
562.58751
562.7649
562.100533
562.42713
562.135563
562.98459
562.12959
562.73374
562.7679
562.983
562.9864
562.100935
562.9995
562.65784
562.99778
562.4282
562.100946
562.140828
562.140842
562.100721
562.99971
562.98376
562.99647
562.98534
562.19823
562.98218
562.97903
562.45631
562.65782
562.16466
562.100908
562.140845
562.7731
562.100755
562.42757
562.140834
562.99253
562.98009
562.100818
562.5864
562.100044
562.135583
562.100767
562.99353
562.99682
562.98525
562.99644
562.100907
562.13558
562.97988
562.100545
562.98036
562.98812
562.100751
562.99497
562.28839
562.100364
562.73347
562.99834
562.7744
562.100001
562.10005
562.7756
562.100918
562.100468
562.9854
562.140901
562.13671
562.42863
562.99735
562.98332
562.140864
562.99433
562.9847
562.100823
562.99316
562.100449
562.98427
562.42824
562.98181
562.7712
562.7791
562.100819
562.7725
562.98825
562.45401
562.7792
562.99627
562.100372
562.98938
562.99796
562.17721
562.99265
562.98832
562.99348
562.65789
562.144927
562.99183
562.6579
562.145443
562.45588
562.99018
562.42855
562.42834
562.98469
562.42765
562.97931
562.42853
562.9967
562.100855
562.42744
562.99938
562.99985
562.7657
562.97787
562.98091
562.99801
562.99641
562.98701
562.58623
562.99637
1438686.3
562.99527
562.10031
562.42804
562.99955
562.99928
562.42647
562.99239
562.42719
562.9937
562.99552
562.144926
562.99118
562.98743
562.99765
562.100327
562.9886
562.99108
562.42822
562.99638
562.42694
562.100334
562.98718
562.9942
562.100278
562.98519
562.100504
562.99105
562.31459
562.7643
562.59219
562.100077
562.17359
562.100559
562.42867
562.100444
562.7724
562.100635
562.4273
562.45606
562.99264
562.99584
562.99466
562.99207
562.7335
562.98817
562.99397
562.14088
562.99999
562.7577
562.45642
562.9836
562.98443
562.14084
562.42703
562.99352
562.100252
562.100109
562.99932
562.99618
562.99485
562.100222
562.45668
562.42817
562.100206
562.100578
562.10016
562.98542
562.99573
562.99718
562.58632
562.42779
562.9997
562.98565
562.99321
562.42823
562.140833
562.99338
562.9972
562.98488
562.98973
562.140836
562.99383
562.28805
562.99471
562.45585
562.99359
562.7705
562.100049
562.98849
562.29007
562.100842
562.10058
562.100023
562.98405
562.140839
562.19633
562.140848
562.9946
562.42676
562.10049
562.98839
562.144928
562.7701
562.97884
562.45635
562.7777
562.100422
562.99435
562.98041
562.98054
562.100031
562.99847
562.7617
562.97776
562.45629
562.98021
562.100432
562.14087
562.100151
562.98725
562.100574
562.100921
562.100153
562.7763
562.135581
1328434.3
562.30435
562.98638
562.28566
562.100138
562.7757
562.45595
562.7714
562.99787
562.100601
562.99783
562.98619
562.99404
562.7337
562.42716
562.42831
562.98104
562.99417
562.42727
562.9784
562.16325
562.98271
562.140887
562.99389
562.98311
562.5879
562.100681
562.73365
562.29003
562.45667
562.30349
562.42799
562.7633
562.98242
562.97979
562.99197
562.99871
562.100948
562.100183
562.100715
562.114631
562.58643
562.7746
562.140866
562.3146
562.42848
562.45596
562.42663
562.19631
562.100729
562.9948
562.42673
562.99727
562.99202
562.135589
562.31451
562.98835
562.28434
562.99031
562.10072
562.98856
562.100361
562.42717
562.99479
562.98324
562.99504
562.135567
562.99267
562.58777
562.100059
562.140885
562.99862
562.99645
562.73358
562.100637
562.42819
562.984
562.7699
562.97983
562.9958
562.100549
562.98406
562.140872
562.4271
562.98717
562.99218
562.99831
562.7637
562.9783
562.97981
562.100912
562.4269
562.28565
562.97933
562.100836
562.97793
562.140868
562.97873
562.98948
562.98865
562.58741
562.98845
562.42841
562.98966
562.58764
562.100959
562.42645
562.98282
562.7758
562.100546
562.13556
562.97997
562.7696
562.7644
562.779
562.42755
562.45404
562.42816
562.100331
562.7688
562.99475
562.100926
562.100875
562.100018
562.9978
562.100284
562.45647
562.98241
562.7717
562.10066
562.98399
562.45644
562.99841
562.100916
562.99378
562.98238
562.42864
562.42639
562.10004
562.99749
562.99126
562.7739
562.98655
562.98063
562.100385
562.7743
562.42686
562.98634
562.42704
562.100628
562.7565
562.73386
562.456
562.100236
562.100495
562.45605
562.100391
562.100433
562.99395
562.140883
562.42689
562.99189
562.42634
562.100512
562.99088
562.140914
562.7767
562.42849
562.100486
562.42739
562.9906
562.42763
562.98706
562.140825
562.99951
562.100202
562.99171
562.45639
562.42722
562.73349
562.5863
562.98078
562.45655
562.73363
562.100929
562.99833
562.98859
562.100831
562.45599
562.140869
562.140844
562.58754
562.28845
562.58787
562.100603
562.42657
562.100421
562.99256
562.100135
562.100295
562.9973
562.98249
562.73398
562.7583
562.100446
562.144925
562.7749
562.100409
562.99169
562.98205
562.99686
562.7662
562.100123
562.98353
562.98943
562.7773
562.4281
562.140919
562.140913
562.98618
562.98879
562.97751
562.98072
562.99632
562.140862
562.140853
562.98334
562.98979
562.99025
562.98511
562.9837
562.145434
562.100282
562.42772
562.100114
562.100531
562.58759
562.144923
562.7653
562.42654
562.100478
562.42789
562.99122
562.100009
562.98741
562.58746
562.73348
562.98292
562.42691
562.98641
562.58775
562.98861
562.9778
562.73354
562.7784
562.99419
562.7667
562.73396
562.99364
562.42653
562.100497
562.111035
562.99136
562.100741
562.99786
562.100117
562.42792
562.100043
562.10057
562.42808
562.99849
562.100652
562.99138
562.144932
562.99493
562.99554
562.7782
562.145442
562.45643
562.100829
562.100506
562.73356
562.42774
562.98092
562.99547
562.42833
562.65785
562.73364
562.99362
562.98597
562.100048
562.100779
562.100678
562.145407
562.42766
562.73353
562.99146
562.77
562.7582
562.4563
562.100805
562.100837
562.73352
562.99375
562.99784
562.100507
562.145822
562.100082
562.98285
562.100906
562.42652
562.99032
562.100025
562.9896
562.29008
562.99746
562.58641
562.140865
562.98889
562.98742
562.100207
562.45663
562.42797
562.58753
562.42655
562.100456
562.140884
562.99602
562.99549
562.98801
562.98045
562.100163
562.7661
562.28131
562.42658
562.98914
562.65791
562.45622
562.30362
562.11463
562.100427
562.99881
562.45598
562.7666
562.98711
562.99387
562.100348
562.100523
562.59226
562.99499
562.98232
562.58761
562.9811
562.42636
562.98679
562.98426
562.100041
562.42838
562.4279
562.97912
562.10076
562.100851
562.9897
562.9809
562.99613
562.114626
562.100306
562.97851
562.98672
562.98567
562.98621
562.98227
562.42861
562.99116
562.98712
562.98307
562.99524
562.10007
562.98433
562.98581
562.98445
562.98226
562.98768
562.99355
562.100932
562.991
562.100626
562.99837
562.99574
562.42828
562.145394
562.98119
562.98494
562.100709
562.98112
562.98882
562.100762
562.100483
562.100739
562.99712
562.99925
562.99865
562.97854
562.99823
562.100244
562.10062
562.100674
562.99097
562.99228
562.42835
562.100752
562.99067
562.9815
562.100438
562.9903
562.100499
562.99114
562.42738
562.42692
562.58781
562.99109
562.98248
562.7789
562.99263
562.98128
562.98589
562.9926
562.98144
1328432.3
562.100695
562.140892
562.99929
562.97928
562.100159
562.100198
562.100639
562.99698
562.45399
562.100345
562.98591
562.1002
562.98949
562.99606
562.98677
562.100308
562.135593
562.100582
562.98553
562.98464
562.100654
562.100485
562.100825
562.98201
562.100029
562.99209
562.45626
562.42718
562.98884
562.97954
562.99755
562.98661
562.97975
562.99788
562.42661
562.98094
562.99898
562.9963
562.97825
562.9813
562.9929
562.100672
562.98375
562.99814
562.98288
562.100808
562.99056
562.100225
562.100611
562.98522
562.98626
562.97896
562.100812
562.9889
562.100424
562.100271
562.98748
562.100747
562.99439
562.99741
562.97791
562.145388
562.100349
562.42758
562.98102
562.98755
562.99965
562.98438
562.98911
562.99386
562.100696
562.99779
562.99575
562.100708
562.100367
562.99905
562.97984
562.100883
562.98136
562.99422
562.100238
562.98635
562.99858
562.97849
562.100128
562.99594
562.10084
562.7708
562.9931
562.98395
562.100371
562.100664
562.98217
562.4272
562.99916
562.99247
562.98318
562.98396
562.100255
562.98156
562.100881
562.100785
562.98507
562.98498
562.97932
562.98266
562.98727
562.114632
562.97822
562.145412
562.10059
562.100234
562.99909
562.99533
562.10023
562.9823
562.9882
562.99017
562.99467
562.99704
562.97801
562.99211
562.98067
562.98135
562.99708
562.98473
562.100488
562.98578
562.100259
562.99947
562.98099
562.99415
562.99872
562.100464
562.100525
562.99876
562.100647
562.98826
562.9968
562.100569
562.100632
562.99281
562.98204
562.98411
562.99512
562.100137
562.9888
562.97879
562.42782
562.100254
562.98639
562.100286
562.98042
562.98385
562.100368
562.9874
562.100414
562.100904
562.98786
562.100813
562.97762
562.99896
562.100572
562.10082
562.99102
562.99072
562.100868
562.99843
562.100954
562.100761
562.99992
562.9919
562.99671
562.100318
562.98783
562.9969
562.112424
562.98996
562.99177
562.99958
562.98702
562.98759
562.100565
562.98771
562.42721
562.10022
562.100258
562.98897
562.99596
562.100105
562.10019
562.99894
562.145431
562.100641
562.145419
562.100063
562.42826
562.98169
562.100557
562.97888
562.100746
562.99279
562.98569
562.145415
562.100915
562.100802
562.99442
562.10069
562.42715
562.97895
562.98319
562.45652
562.100733
562.99107
562.98939
562.14539
562.99453
562.98659
562.98587
562.98229
562.99528
562.762
562.98272
562.10074
562.58786
562.5877
562.9885
562.145816
562.100317
562.98818
562.9982
562.99688
562.100579
562.97923
562.10039
562.98994
562.98114
562.98515
562.100796
562.42642
562.145425
562.98436
562.98903
562.9944
562.100279
562.98074
562.100943
562.100562
562.9907
562.42815
562.100691
562.97897
562.100514
562.9965
562.7765
562.98928
562.99672
562.97951
562.98422
562.99984
562.42702
562.98551
562.99756
562.100901
562.42646
562.99382
562.98719
562.100561
562.99186
562.100841
562.99723
562.98814
562.98185
562.98161
562.100363
562.100304
562.98936
562.98031
562.99213
562.98032
562.100369
562.100826
562.98584
562.98822
562.98841
562.100867
562.99165
562.99449
562.9878
562.45592
562.97938
562.98978
562.42701
562.97784
562.98352
562.99303
562.98407
562.99665
562.99127
562.98724
562.97795
562.45665
562.98906
562.97946
562.97783
562.100753
562.98313
562.145421
562.97961
562.100777
562.98891
562.58645
562.100032
562.99441
562.100821
562.98165
562.140896
562.100241
562.100319
562.42688
562.97942
562.97925
562.9956
562.98663
562.100845
562.100086
562.100763
562.98018
562.100399
562.100636
562.98885
562.99037
562.45672
562.99406
562.10033
562.45398
562.100551
562.98675
562.100463
562.98113
562.99043
562.98175
562.98149
562.7677
562.140857
562.100705
562.98642
562.100494
562.98335
562.98791
562.98482
562.99012
562.100351
562.98667
562.10052
562.42666
562.10011
562.97919
562.98255
562.99631
562.100292
562.99869
562.99624
562.99598
562.98033
562.100817
562.99502
562.100069
562.129397
562.98924
562.42785
562.14541
562.9817
562.98517
562.99231
562.100212
562.145436
562.98637
562.99674
562.99734
562.98321
562.98303
562.99538
562.99915
562.98878
562.100098
562.99016
562.97971
562.100147
562.99063
562.100726
562.100455
562.100864
562.9866
562.99337
562.100296
562.99766
562.98549
562.100956
562.99589
562.31462
562.99867
562.145405
562.58769
562.993
562.98956
562.98779
562.98509
562.7646
562.99868
562.58624
562.100953
562.99187
562.764
562.100748
562.99161
562.97828
562.97969
562.98369
562.100242
562.7568
562.98592
562.97844
562.98016
562.100448
562.100909
562.7713
562.99615
562.98415
562.98784
562.97974
562.100267
562.98224
562.100697
562.98164
562.7572
562.100706
562.100527
562.99157
562.100645
562.10026
562.10018
562.98896
562.99164
562.100587
562.9812
562.9945
562.100895
562.98392
562.10093
562.100067
562.9775
562.99381
562.99476
562.99356
562.97779
562.98576
562.100766
562.98754
562.98898
562.98676
562.58758
562.99886
562.98851
562.99384
562.100195
562.100657
562.37106
562.97832
562.99073
562.98125
562.98076
562.97857
562.9786
562.99902
562.99542
562.98278
562.99496
562.98971
562.100413
562.99587
562.97953
562.100951
562.98393
562.98182
562.45677
562.42643
562.98467
562.100862
562.98198
562.98799
562.98452
562.100027
562.100651
562.100701
562.100922
562.99961
562.99252
562.100853
562.31457
562.98398
562.98615
562.100165
562.9795
562.7636
562.42761
562.9873
562.99151
562.99034
562.100927
562.98071
562.100472
562.99312
562.99667
562.100542
562.99864
562.98096
562.100257
562.98137
562.100744
562.98367
562.98293
562.99981
562.111034
562.97823
562.98069
562.10014
562.98233
562.99866
562.99799
562.98391
562.4268
562.1004
562.99001
562.100458
562.98796
562.99308
562.98815
562.100816
562.100515
562.99762
562.98193
562.100201
562.97881
562.42672
562.100792
562.98244
562.99941
562.9988
562.98623
562.145427
562.100111
562.97868
562.100575
562.22426
562.100019
562.100106
562.7747
562.100346
562.100888
562.100415
562.98958
562.99284
562.98084
562.99676
562.98409
562.5922
562.97839
562.4283
562.99221
562.98206
562.98508
562.10021
562.99204
562.99711
562.145437
562.99319
562.42859
562.100756
562.98607
562.59221
562.98189
562.98557
562.100586
562.98108
562.99576
562.99982
562.98258
562.58792
562.97818
562.98259
562.100076
562.97995
562.100326
562.98066
562.99988
562.99844
562.100503
562.100411
562.99824
562.100516
562.99995
562.97986
562.100127
562.99829
562.99349
562.100261
562.10029
562.99595
562.98547
562.100581
562.98296
562.99736
562.100576
562.99763
562.99484
562.98926
562.100028
562.97766
562.97985
562.99757
562.100437
562.99064
562.100172
562.98322
562.99516
562.99314
562.100522
562.100634
562.99817
562.100383
562.98596
562.97864
562.10089
562.98064
562.98283
562.98555
562.98209
562.98372
562.145383
562.145428
562.99083
562.99243
562.99753
562.100771
562.98753
562.100365
562.45649
562.42846
562.99534
562.98418
562.99142
562.98444
562.100149
562.100535
562.100892
562.98003
562.98197
562.97867
562.99855
562.100392
562.9818
562.98599
562.98159
562.99691
562.98875
562.10096
562.100815
562.98484
562.9872
562.99758
562.98184
562.98501
562.45636
562.99518
562.100719
562.99301
562.100629
562.99185
562.98605
562.99944
562.98531
562.10095
562.100312
562.99517
562.99931
562.99347
562.7762
562.98572
562.9912
562.99027
562.9846
562.100141
562.98133
562.99515
562.100336
562.97782
562.100718
562.100203
562.98378
562.97836
562.98944
562.58628
562.100933
562.98011
562.98101
562.98025
562.100638
562.100584
562.100619
562.99398
562.99248
562.100132
562.97764
562.98964
562.99588
562.100492
562.100177
562.100685
562.7728
562.7631
562.45676
562.99481
562.9962
562.100566
562.100712
562.99377
562.98044
562.99828
562.996
562.100776
562.99935
562.100164
562.100835
562.34088
562.99002
562.98275
562.99206
562.99111
562.100131
562.42728
562.7656
562.112426
562.100668
562.100445
562.100101
562.98345
562.100902
562.145387
562.98916
562.98929
562.100011
562.99825
562.65787
562.99317
562.9797
562.100288
562.98142
562.42844
562.100008
562.100606
562.10088
562.98586
562.10048
562.97973
562.98337
562.99792
562.99664
562.14544
562.9825
562.100459
562.100108
562.37109
562.99305
562.98772
562.140831
562.34089
562.98991
562.99816
562.100934
562.100958
562.10012
562.99436
562.9902
562.99764
562.100191
562.100722
562.7659
562.98247
562.98111
562.100467
562.99287
562.100564
562.99113
562.100073
562.100012
562.98055
562.98157
562.100597
562.145399
562.9987
562.99134
562.42682
562.45623
562.98315
562.97753
562.97754
562.100854
562.45641
562.42675
562.145432
562.100419
562.98762
562.100538
562.98562
562.98601
562.98086
562.9788
562.100213
562.98756
562.97833
562.98577
562.97775
562.97802
562.100298
562.99677
562.99551
562.9857
562.98925
562.99193
562.97913
562.98046
562.45403
562.1009
562.98941
562.99926
562.98339
562.98474
562.97845
562.100196
562.100283
562.98061
562.98306
562.98872
562.100407
562.100479
562.99751
562.9822
562.42684
562.97948
562.100827
562.99569
562.98533
562.100246
562.100889
562.97882
562.100451
562.99331
562.98894
562.97962
562.100661
562.99653
562.99335
562.98937
562.97892
562.99699
562.98789
562.98852
562.99625
562.98349
562.99376
562.98614
562.98312
562.100068
562.100079
562.99345
562.100171
562.98932
562.100347
562.100005
562.9979
562.145418
562.99486
562.100036
562.98594
562.99065
562.98698
562.99805
562.99011
562.100589
562.99226
562.42695
562.4286
562.145441
562.98714
562.58646
562.140854
562.99373
562.97863
562.99005
562.145378
562.98146
562.97755
562.97877
562.98775
562.99725
562.100519
562.99498
562.98377
562.100649
562.97869
562.7759
562.99069
562.14538
562.45666
562.100332
562.99577
562.9895
562.98652
562.7695
562.97957
562.99325
562.7684
562.99845
562.98806
562.98554
562.28389
562.42842
562.42856
562.997
562.98356
562.140898
562.45675
562.100852
562.7736
562.99811
562.99465
562.98075
562.97813
562.97901
562.99167
562.100571
562.9816
562.100529
562.10045
562.100477
562.100914
562.98774
562.42748
562.42669
562.100942
562.99987
562.98965
562.100103
562.98005
562.98065
562.9925
562.98239
562.100775
562.98739
562.42707
562.99358
562.42696
562.99155
562.145423
562.98544
562.42839
562.100435
562.100524
562.98797
562.100272
562.98651
562.99271
562.99275
562.98876
562.100896
562.100473
562.99329
562.98056
562.97773
562.99874
562.99006
562.9794
562.140855
562.98057
562.98471
562.42784
562.99819
562.99884
562.98027
562.99707
562.7669
562.100381
562.98505
562.98139
562.140895
562.97856
562.145379
562.99968
562.100679
562.99539
562.98371
562.145413
562.98905
562.99035
562.99385
562.97768
562.97952
562.14582
562.98765
562.42786
562.98716
562.98998
562.9867
562.100646
562.100884
562.98499
562.98328
562.98561
562.99311
562.100084
562.100066
562.98974
562.100235
562.100675
562.100118
562.99536
562.10053
562.100276
562.58784
562.99789
562.98261
562.99739
562.99752
562.145406
562.99812
562.99733
562.98132
562.99289
562.98901
562.98408
562.98868
562.98777
562.9991
562.99141
562.42667
562.10083
562.98537
562.98262
562.100051
562.97883
562.99261
562.99769
562.100769
562.98286
562.100873
562.97958
562.100917
562.9852
562.9913
562.99033
562.9981
562.98726
562.99654
562.100728
562.100872
562.100208
562.98374
562.97904
562.98486
562.100339
562.97758
562.10063
562.98935
562.99964
562.99521
562.100152
562.58789
562.99635
562.97846
562.99291
562.100876
562.98915
562.100789
562.98195
562.98308
562.97922
562.100828
562.99809
562.7761
562.99581
562.100294
562.9924
562.99954
562.100003
562.100355
562.99147
562.98384
562.97875
562.100227
562.100004
562.98049
562.42754
562.98585
562.98043
562.9917
562.99368
562.99172
562.99315
562.98221
562.98214
562.98497
562.98454
562.98609
562.9855
562.145812
562.145398
562.97949
562.100065
562.99106
562.9996
562.99379
562.98178
562.99903
562.99061
562.98284
562.100054
562.100768
562.100378
562.14086
562.100436
562.42871
562.98487
562.99777
562.10073
562.100024
562.97814
562.100016
562.100957
562.31466
562.98728
562.97809
562.98624
562.100237
562.99679
562.98052
562.97831
562.99299
562.100814
562.145397
562.1006
562.98758
562.100425
562.100631
562.99446
562.9839
562.100354
562.98276
562.100462
562.99629
562.100394
562.145429
562.98485
562.100537
562.100556
562.97796
562.99426
562.97966
562.100053
562.99258
562.99296
562.100491
562.100293
562.98954
562.7619
562.100725
562.99328
562.99726
562.7629
562.99721
562.989
562.100442
562.100057
562.97862
562.97778
562.98552
562.97909
562.100181
562.100846
562.58752
562.42708
562.100898
562.100026
562.100773
562.98354
562.769
562.7766
562.100107
562.9904
562.99488
562.100323
562.100134
562.9785
562.14542
562.99003
562.9875
562.100616
562.100676
562.100595
562.99952
562.99986
562.98297
562.99004
562.98798
562.99623
562.98691
562.98211
562.99793
562.99233
562.100487
562.98358
562.99494
562.98763
562.98568
562.58767
562.45593
562.98942
562.99611
562.98215
562.99659
562.98442
562.99208
562.100498
562.99021
562.98834
562.98093
562.98457
562.99094
562.99143
562.9804
562.99425
562.10091
562.98216
562.97798
562.9828
562.9851
562.9787
562.100193
562.98981
562.100209
562.14543
562.765
562.99716
562.98127
562.100583
562.99933
562.97921
562.7638
562.42733
562.42866
562.45617
562.97829
562.98962
562.99782
562.99919
562.98617
562.7738
562.99633
562.99722
562.52722
562.98466
562.98723
562.99059
562.4566
562.9863
562.99246
562.99908
562.99907
562.98746
562.100539
562.7785
562.98881
562.98013
562.99402
1045010.61
562.99838
562.99508
562.99225
562.9814
562.99049
562.99813
562.99194
562.100426
562.9869
562.99274
562.100663
562.100897
562.100461
562.100311
562.58765
562.98579
562.99827
562.4274
562.7687
562.99393
562.98389
562.98665
562.98863
562.99217
562.98196
562.99039
562.98435
562.99137
562.100702
562.98785
562.98479
562.97936
562.97893
562.99115
562.10065
562.98465
562.99495
562.100343
562.58626
562.100466
562.99089
562.98945
562.100178
562.100274
562.100496
562.98633
562.99797
562.98887
562.100262
562.98858
562.99901
562.42731
562.97945
562.100299
562.100666
562.100782
562.100021
562.98913
562.98842
562.98357
562.99616
562.98738
562.10002
562.99719
562.140891
562.100232
562.99643
562.7729
562.99478
562.98902
562.10078
562.99767
562.4559
562.98446
562.100187
562.97774
562.9844
562.100602
562.98512
562.45671
562.99028
562.97908
562.100585
562.99166
562.98421
562.7647
562.145819
562.100745
562.100593
562.100395
562.99564
562.100359