562.45633
562.97968
562.100432
562.79122
562.22729
562.144317
562.144231
562.98021
562.56904
562.98825
562.42765
562.5692
562.57197
562.100907
562.56811
562.100231
562.100374
562.98023
562.99703
562.144211
562.144269
562.42687
562.7628
562.100445
562.42706
562.145426
562.57496
562.45604
562.42872
562.57195
562.98514
562.144217
562.100138
562.56807
562.22455
562.140897
562.50235
562.99514
562.42859
562.100233
562.98715
562.22442
562.99147
562.144197
562.50224
562.99127
562.99722
562.99451
562.100571
562.9944
562.98742
562.99902
562.7576
562.22876
562.98879
562.28846
562.100791
562.57086
562.99706
562.100308
562.9955
562.57304
562.22721
562.73368
562.28805
562.98757
562.7565
562.145399
562.57369
562.98584
562.99093
562.42761
562.144248
562.22692
562.99073
562.14427
562.100263
562.57401
562.57414
562.100831
562.30349
562.98762
562.100405
562.100855
562.99898
562.144175
562.29001
562.22515
562.88799
562.42796
562.45623
562.98583
562.764
562.45401
562.98403
562.57316
562.7678
562.144318
562.100749
562.10047
562.100284
562.22785
562.45646
562.42816
562.57151
562.144221
562.42802
562.9971
562.10033
562.144256
562.100375
562.144965
562.97981
562.22548
562.100905
562.14418
562.42721
562.57378
562.14507
562.144188
562.58776
562.42673
562.10054
562.45664
562.100784
562.99272
562.22778
562.57438
562.144331
562.50303
562.42707
562.57116
562.22445
562.50264
562.56796
562.99579
562.42739
562.99187
562.100504
562.144216
562.98839
562.57168
562.42663
562.98199
562.100074
562.98473
562.99253
562.73356
562.100025
562.42781
562.99196
562.56825
562.100925
562.100605
562.99422
562.56826
562.7567
562.57288
562.135588
562.57325
562.140875
562.4278
562.57376
562.98611
562.42786
562.57093
562.22485
562.45643
562.57413
562.58651
562.22728
562.99321
562.99632
562.99882
562.140856
562.57469
562.57379
562.22612
562.7731
562.98469
562.57107
562.99215
562.28566
562.22744
562.45655
562.56907
562.42751
562.57423
562.50298
562.98967
562.100385
562.57113
562.57303
562.140901
562.56839
562.99471
562.58735
562.140824
562.9862
562.10085
562.22584
562.1443
562.99543
562.144307
562.45848
562.57393
562.100932
562.42642
562.97969
562.57305
562.98806
562.99232
562.5744
562.58753
562.57282
562.99332
562.22815
562.57283
562.56851
562.100201
562.144184
562.57112
562.42822
562.114626
562.57373
562.2264
562.100884
562.30306
562.57417
562.100865
562.99578
562.57229
562.100154
562.99718
562.144327
562.144235
562.100256
562.98939
562.140847
562.56806
562.57087
562.144259
562.56802
562.57463
562.140892
562.98982
562.57484
562.73379
562.100061
562.144255
562.100906
562.100372
562.99348
562.57508
562.5711
562.144294
562.22465
562.28981
562.58728
562.144192
562.58641
562.98626
562.42731
562.7571
562.5677
562.144323
562.58745
562.100507
562.145392
562.98044
562.100244
562.58792
562.99084
562.100185
562.98344
562.100526
562.100417
562.135568
562.31458
562.45601
562.45629
562.100252
562.100073
562.98244
562.9935
562.97962
562.22782
562.145395
562.57454
562.5739
562.99858
562.97757
562.5743
562.100765
562.57506
562.100823
562.144924
562.9807
562.100165
562.57291
562.9992
562.135594
562.45602
562.57119
562.140865
562.99704
562.144286
562.99346
562.97978
562.58725
562.58713
562.144191
562.97769
562.100027
562.98269
562.100005
562.1409
562.99523
562.22524
562.100164
562.22694
562.98856
562.42853
562.57095
562.772
562.42645
562.99753
562.145389
562.22454
562.144209
562.100059
562.7773
562.57159
562.100358
562.22653
562.100335
562.100316
562.4274
562.58754
562.42677
562.57323
562.9937
562.99538
562.57106
562.100048
562.99
562.100247
562.56828
562.10024
562.31464
562.14428
562.99177
562.100961
562.42728
562.14433
562.776
562.56823
562.9798
562.29008
562.100347
562.98359
562.58769
562.50263
562.42713
562.5726
562.90695
562.22583
562.144153
562.28112
562.22554
562.144296
562.22872
562.9979
562.9885
562.58634
562.45636
562.22443
562.100416
562.42831
562.98169
562.140918
562.100777
562.16326
562.58764
562.9899
562.98051
562.571
562.144194
562.4269
562.57445
562.98828
562.9939
562.100916
562.14432
562.9876
562.2268
562.9976
562.58631
562.57179
562.22581
562.7746
562.45595
562.57287
562.100774
562.19186
562.57121
562.22701
562.7639
562.9901
562.100387
562.57397
562.9994
562.100592
562.503
562.57415
562.22618
562.22596
562.771
562.144181
562.99621
562.14415
562.45397
562.22691
562.42688
562.56895
562.135589
562.145372
562.98588
562.45399
562.57451
562.22682
562.97774
562.140854
562.99641
562.97756
562.45663
562.22431
562.56896
562.100145
562.57328
562.100206
562.42705
562.140919
562.56888
562.57367
562.99128
562.57196
562.98886
562.98847
562.7662
562.57312
562.98746
562.99122
562.98336
562.99066
562.22681
562.100849
562.98526
562.98351
562.144176
562.144925
562.19183
562.9948
562.97948
562.42701
562.57481
562.16325
562.99473
562.144287
562.97841
562.98795
562.100869
562.100427
562.97898
562.98896
562.100863
562.144328
562.57436
562.99513
562.99945
562.99202
562.98405
562.56767
562.144232
562.145433
562.100798
562.98378
562.22774
562.144242
562.144228
562.140835
562.57441
562.145404
562.100553
562.99474
562.22478
562.4585
562.22491
562.98519
562.45628
562.99562
562.98356
562.9984
562.14497
562.98891
562.99447
562.100653
562.97758
562.45651
562.145442
562.100363
562.99685
562.99917
562.100712
562.144962
562.99983
562.99568
562.97924
562.97862
562.73351
562.98263
562.98619
562.99295
562.99204
562.100776
562.99876
562.99845
562.9783
562.100666
562.99972
562.98981
562.145018
562.145078
562.100258
562.22438
562.9933
562.145068
562.98962
562.145022
562.98681
562.22492
562.57157
562.100584
562.97892
562.100514
562.99888
562.97822
562.758
562.22533
562.100498
562.100489
562.100775
562.22578
562.22514
562.99266
562.100307
562.145077
562.100548
562.99521
562.99988
562.100016
562.98055
562.99643
562.9849
562.99298
562.22736
562.99107
562.145009
562.100637
562.100098
562.144949
562.100093
562.98759
562.98824
562.98535
562.10006
562.100402
562.9916
562.98769
562.100874
562.9878
562.98017
562.99908
562.100224
562.98354
562.98559
562.99497
562.100453
562.98061
562.98293
562.100024
562.99029
562.99341
562.9794
562.97773
562.57221
562.98422
562.99443
562.99534
562.98458
562.99411
562.100467
562.57314
562.144997
562.100621
562.99329
562.98042
562.73357
562.99061
562.100271
562.100854
562.9927
562.98601
562.98758
562.2251
562.100021
562.98691
562.98409
562.2257
562.100033
562.99446
562.22664
562.98404
562.2274
562.144948
562.144995
562.100137
562.99699
562.9861
562.98329
562.99595
562.9938
562.100265
562.9962
562.98788
562.100893
562.100848
562.144985
562.100813
562.99778
562.98206
562.98581
562.10001
562.98968
562.10018
562.98384
562.98266
562.100859
562.10081
562.99476
562.22623
562.99349
562.100857
562.100785
562.100167
562.99373
562.99418
562.9926
562.22589
562.100289
562.98653
562.98894
562.98395
562.144986
562.100496
562.100404
562.100551
562.10094
562.9988
562.97797
562.99895
562.98385
562.100086
562.98163
562.99961
562.99176
562.97809
562.7754
562.98443
562.7338
562.145046
562.98034
562.100531
562.14495
562.144968
562.100812
562.22576
562.100862
562.98631
562.99296
562.100561
562.97997
562.100792
562.100367
562.10073
562.99635
562.98192
562.99799
562.98657
562.57243
562.99488
562.97883
562.98793
562.98276
562.100279
562.98374
562.99702
562.9949
562.73354
562.98475
562.9872
562.100412
562.97961
562.100092
562.145072
562.98058
562.98536
562.145035
562.100194
562.98105
562.9816
562.99208
562.98958
562.99429
562.22777
562.100579
562.99556
562.99223
562.100811
562.9804
562.1007
562.98347
562.100528
562.100676
562.100323
562.45641
562.100228
562.98312
562.99405
562.99598
562.98097
562.98193
562.100288
562.97816
562.100485
562.22453
562.98697
562.45598
562.99415
562.22809
562.145032
562.100722
562.10004
562.22801
562.99768
562.98413
562.7732
562.100473
562.145047
562.98702
562.7749
562.145005
562.100166
562.99416
562.99748
562.98546
562.97901
562.98006
562.22673
562.2247
562.100371
562.99319
562.98909
562.99293
562.100397
562.100846
562.100223
562.100394
562.99789
562.99191
562.99734
562.100339
562.100636
562.22621
562.99156
562.7783
562.98411
562.2266
562.98922
562.53932
562.99018
562.10087
562.144973
562.97831
562.100529
562.2258
562.22498
562.98464
562.100762
562.99918
562.98264
562.144976
562.98307
562.98089
562.97829
562.100017
562.99168
562.22489
562.22668
562.98189
562.97941
562.22502
562.99564
562.98899
562.100675
562.22665
562.98246
562.100597
562.22532
562.100049
562.97958
562.22737
562.10046
562.99877
562.98053
562.100321
562.22804
562.97856
562.100519
562.99275
562.98465
562.97752
562.97778
562.97903
562.99165
562.99448
562.9858
562.98933
562.98358
562.98572
562.97804
562.10028
562.98214
562.7786
562.99551
562.100611
562.98171
562.98363
562.100392
562.57162
562.99274
562.100296
562.22574
562.100003
562.22463
562.97803
562.98319
562.99256
562.97908
562.14544
562.99817
562.99227
562.100101
562.97749
562.98425
562.99007
562.100787
562.99481
562.98157
562.99234
562.2253
562.7708
562.100953
562.97865
562.98037
562.9845
562.98897
562.98074
562.98915
562.73364
562.98262
562.98705
562.97879
562.99677
562.99175
562.10095
562.100487
562.98502
562.145057
562.2245
562.7627
562.98506
562.99666
562.98196
562.98942
562.100241
562.22645
562.97928
562.145028
562.98176
562.99788
562.98613
562.100883
562.98983
562.98881
562.98908
562.10037
562.98852
562.99708
562.22594
562.97837
562.98118
562.22817
562.100876
562.98068
562.97826
562.98429
562.100658
562.100705
562.100939
562.100148
562.99767
562.97766
562.98622
562.97894
562.22763
562.98564
562.762
562.100806
562.22624
562.100346
562.99991
562.99752
562.99241
562.99225
562.22781
562.100277
562.100324
562.99798
562.100132
562.99162
562.144955
562.98094
562.98976
562.2261
562.22808
562.99909
562.97882
562.9866
562.7682
562.98127
562.99954
562.22631
562.100345
562.98531
562.99372
562.99529
562.100096
562.100649
562.14506
562.97842
562.98211
562.98331
562.99546
562.22509
562.9985
562.145004
562.100847
562.98134
562.31466
562.98676
562.73383
562.99398
562.99823
562.100274
562.7623
562.100931
562.99656
562.99444
562.100106
562.98025
562.100714
562.98764
562.99159
562.7702
562.99148
562.98373
562.99616
562.22779
562.100342
562.99571
562.100039
562.99709
562.99723
562.99717
562.100909
562.98524
562.99279
562.99916
562.100753