562.1409
562.14086
562.14089
562.14091
562.14088
562.14087
562.14083
562.14085
562.14084
562.98
562.987
562.984
562.14492
562.978
562.998
562.993
562.10093
562.983
562.10091
562.982
562.997
562.10092
562.10094
562.10095
562.986
562.10096
562.995
562.1006
562.979
562.9791
562.1001
562.1004
562.10065
562.988
562.99
562.14538
562.14539
562.1454
562.14541
562.14542
562.14543
562.14544
562.14415
562.14416
562.14417
562.14418
562.14419
562.1442
562.14421
562.14422
562.14423
562.14424
562.14425
562.14426
562.14427
562.14428
562.14429
562.1443
562.14431
562.14432
562.14433
562.2256
562.2356
562.145819
562.2276
562.2269
562.2351
562.2278
562.2363
562.238
562.2347
562.2329
562.2349
562.2259
562.2248
562.2258
562.2274
562.2336
562.2378
562.2333
562.2317
562.2353
562.2392
562.2367
562.2257
562.2325
562.2342
562.2344
562.2337
562.2339
562.236
562.237
562.2374
562.2247
562.2357
562.2388
562.2251
562.2322
562.2391
562.2249
562.2255
562.2318
562.2328
562.2334
562.2362
562.2369
562.2272
562.229
562.2254
562.233
562.2246
562.2368
562.2244
562.2261
562.2262
562.2263
562.2265
562.2267
562.2268
562.231
562.232
562.2348
562.2341
562.2386
562.2382
562.2383
562.2361
562.239
562.2375
562.2376
562.2385
562.2252
562.2327
562.2345
562.2355
562.2381
562.2365
562.2273
562.2324
562.2346
562.2335
562.2326
562.2343
562.2245
562.2354
562.2366
562.2373
562.225
562.2253
562.2279
562.228
562.23
562.2323
562.2316
562.2331
562.2389
562.2372
562.2243
562.2321
562.2332
562.2371
562.2338
562.235
562.2359
562.2271
562.2352
562.2281
562.2319
562.2275
562.2358
562.227
562.226
562.2387
562.2384
562.2364
562.2264
562.2379
562.2277
562.2266
562.2377
562.234
562.2393
562.14503
562.14505
562.14504
562.145
562.14507
562.14496
562.14506
562.14495
562.14502
562.14498
562.14501
562.14497
562.14508
562.14499
562.14582
562.9644
562.9643
562.9645
562.9647
562.965
562.9653
562.9654
562.9655
562.9657
562.9659
562.9658
562.9646
562.9661
562.966
562.9662
562.9663
562.9664
562.9665
562.967
562.9674
562.9676
562.9675
562.968
562.9678
562.9681
562.9682
562.9683
562.9684
562.9685
562.9687
562.9691
562.9689
562.9692
562.9693
562.9697
562.9699
562.9694
562.9729
562.9696
562.9701
562.9703
562.9704
562.9705
562.9706
562.9708
562.9709
562.971
562.9713
562.9714
562.9715
562.9717
562.9718
562.9719
562.9716
562.972
562.9721
562.9723
562.9722
562.9725
562.9728
562.9731
562.9732
562.9735
562.974
562.9648
562.9649
562.9652
562.9651
562.9656
562.9666
562.9667
562.9669
562.9668
562.9672
562.9673
562.9671
562.9677
562.9679
562.9686
562.9688
562.969
562.97
562.9698
562.9695
562.9702
562.9707
562.9712
562.9711
562.9724
562.9727
562.975
562.9726
562.973
562.994
562.989
562.1007
562.999
562.996
562.985
562.10084
562.1005
562.10085
562.1009
562.10086
562.981
562.10087
562.1
562.992
562.1003
562.98099
562.100543
562.98225
562.100553
562.99508
562.10088
562.10089
562.1002
562.991
562.1008
562.773
562.779
562.5677
562.5876
562.4264
562.5872
562.5871
562.5873
562.5874
562.4265
562.4266
562.4267
562.757
562.767
562.77
562.4268
562.4269
562.5715
562.5716
562.5717
562.5718
562.5719
562.5711
562.5722
562.5723
562.5725
562.5724
562.5726
562.5729
562.5733
562.573
562.5731
562.5709
562.571
562.572
562.5721
562.5727
562.5728
562.5732
562.5712
562.5713
562.5714
562.427
562.778
562.4271
562.4272
562.5678
562.4273
562.775
562.776
562.762
562.768
562.4274
562.5679
562.568
562.5682
562.4275
562.5683
562.769
562.5684
562.758
562.771
562.765
562.766
562.5685
562.764
562.777
562.5687
562.1296
562.1762
562.3328
562.454
562.6578
562.6579
562.4276
562.1908
562.4563
562.4564
562.4567
562.4566
562.4565
562.4562
562.4559
562.456
562.4561
562.5878
562.5877
562.5879
562.772
562.774
562.1918
562.1919
562.2881
562.29
562.3031
562.3145
562.3146
562.4277
562.4278
562.4279
562.428
562.4281
562.4282
562.4283
562.4284
562.4285
562.4286
562.4287
562.5748
562.5737
562.5749
562.575
562.5738
562.5751
562.5747
562.5922
562.5863
562.5864
562.5865
562.2884
562.5688
562.569
562.503
562.4591
562.5026
562.5025
562.5024
562.5027
562.5023
562.4585
562.10986
562.5739
562.574
562.57435
562.57431
562.57432
562.57438
562.57439
562.1909
